0 1 1 1 1 1 1 1 1 1 1 1 1 1 1 1 1 2 1 1 2 3 2 4 7 7 7 7 7 9 1 7 1 4
1 0 1 1 1 1 1 1 3 1 1 2 1 1 1 1 1 1 1 1 1 2 2 3 5 5 5 5 5 6 1 5 2 3
1 1 0 1 1 1 1 1 1 1 1 2 1 2 2 2 3 3 1 1 1 1 2 6 1 1 1 1 1 2 6 1 1 7
1 1 1 0 1 1 1 1 2 1 1 1 1 2 2 2 1 1 1 1 1 1 2 1 2 2 2 2 2 3 1 2 2 1
1 1 1 1 0 3 1 1 1 1 1 1 1 1 1 1 1 2 1 1 2 3 1 4 7 7 7 7 7 9 1 7 1 4
1 1 1 1 3 0 1 1 1 1 1 1 1 1 1 1 1 2 1 1 2 3 1 4 7 7 7 7 7 9 1 7 1 4
1 1 1 1 1 1 0 1 1 3 1 1 1 1 1 1 1 2 1 1 2 3 1 4 7 7 7 7 7 9 1 7 1 4
1 1 1 1 1 1 1 0 2 1 1 2 4 2 2 2 1 1 1 1 1 1 2 14 1 1 1 1 1 2 1 1 2 15
1 3 1 2 1 1 1 2 0 1 1 1 3 1 2 1 3 1 2 2 2 1 2 1 2 2 2 2 2 2 5 2 5 1
1 1 1 1 1 1 3 1 1 0 1 1 1 1 1 1 1 2 1 1 2 3 1 4 7 7 7 7 7 9 1 7 1 4
1 1 1 1 1 1 1 1 1 1 0 1 1 1 1 1 1 2 1 1 2 3 2 4 7 7 7 7 7 9 1 7 1 4
1 2 2 1 1 1 1 2 1 1 1 0 2 1 1 1 1 3 2 2 3 4 2 5 9 9 9 9 9 12 1 9 1 5
1 1 1 1 1 1 1 4 3 1 1 2 0 2 3 2 2 2 2 2 2 2 2 1 1 1 1 1 1 1 3 1 4 1
1 1 2 2 1 1 1 2 1 1 1 1 2 0 2 2 1 1 2 2 3 5 2 7 12 12 12 12 12 15 1 12 1 7
1 1 2 2 1 1 1 2 2 1 1 1 3 2 0 2 2 2 1 1 1 1 2 1 1 1 1 1 1 1 3 1 3 1
1 1 2 2 1 1 1 2 1 1 1 1 2 2 2 0 1 1 2 2 3 5 2 7 12 12 12 12 12 15 1 12 1 7
1 1 3 1 1 1 1 1 3 1 1 1 2 1 2 1 0 2 1 2 1 1 2 1 2 2 2 2 2 3 1 2 1 1
2 1 3 1 2 2 2 1 1 2 2 3 2 1 2 1 2 0 1 1 1 1 4 1 2 2 2 2 2 2 4 2 3 1
1 1 1 1 1 1 1 1 2 1 1 2 2 2 1 2 1 1 0 2 2 2 2 1 1 1 1 1 1 1 2 1 3 1
1 1 1 1 1 1 1 1 2 1 1 2 2 2 1 2 2 1 2 0 2 3 2 1 1 1 1 1 1 1 2 2 1 1
2 1 1 1 2 2 2 1 2 2 2 3 2 3 1 3 1 1 2 2 0 3 4 1 1 1 1 1 1 1 1 1 1 1
3 2 1 1 3 3 3 1 1 3 3 4 2 5 1 5 1 1 2 3 3 0 6 1 1 1 1 1 1 1 2 1 1 2
2 2 2 2 1 1 1 2 2 1 2 2 2 2 2 2 2 4 2 2 4 6 0 8 14 14 14 14 14 18 2 14 2 8
4 3 6 1 4 4 4 14 1 4 4 5 1 7 1 7 1 1 1 1 1 1 8 0 1 1 1 1 1 1 2 1 2 1
7 5 1 2 7 7 7 1 2 7 7 9 1 12 1 12 2 2 1 1 1 1 14 1 0 2 2 2 2 2 4 2 3 1
7 5 1 2 7 7 7 1 2 7 7 9 1 12 1 12 2 2 1 1 1 1 14 1 2 0 2 2 2 2 4 2 3 1
7 5 1 2 7 7 7 1 2 7 7 9 1 12 1 12 2 2 1 1 1 1 14 1 2 2 0 2 2 2 4 2 3 1
7 5 1 2 7 7 7 1 2 7 7 9 1 12 1 12 2 2 1 1 1 1 14 1 2 2 2 0 2 2 4 2 3 1
7 5 1 2 7 7 7 1 2 7 7 9 1 12 1 12 2 2 1 1 1 1 14 1 2 2 2 2 0 2 4 2 3 1
9 6 2 3 9 9 9 2 2 9 9 12 1 15 1 15 3 2 1 1 1 1 18 1 2 2 2 2 2 0 1 1 2 2
1 1 6 1 1 1 1 1 5 1 1 1 3 1 3 1 1 4 2 2 1 2 2 2 4 4 4 4 4 1 0 1 1 3
7 5 1 2 7 7 7 1 2 7 7 9 1 12 1 12 2 2 1 2 1 1 14 1 2 2 2 2 2 1 1 0 5 1
1 2 1 2 1 1 1 2 5 1 1 1 4 1 3 1 1 3 3 1 1 1 2 2 3 3 3 3 3 2 1 5 0 2
4 3 7 1 4 4 4 15 1 4 4 5 1 7 1 7 1 1 1 1 1 2 8 1 1 1 1 1 1 2 3 1 2 0
