775	192
356	354
600	518
491	483
378	204
286	24
833	512
459	137
150	62
490	58
1112	1045
192	58
674	224
671	112
393	341
984	395
127	16
147	146
333	196
1019	1017
709	554
657	106
197	176
105	16
933	339
148	12
404	104
142	140
335	245
503	203
659	578
439	216
331	301
515	316
915	446
255	195
182	125
332	142
625	93
94	7
138	11
604	578
659	256
410	44
263	203
149	12
701	459
115	17
788	571
669	179
556	267
677	344
849	301
421	376
361	194
755	158
558	75
299	140
578	353
598	100
197	16
199	127
517	491
642	215
439	210
137	11
339	72
340	339
555	221
137	19
885	552
417	376
241	151
448	134
189	15
485	61
450	51
783	205
259	200
378	148
396	187
501	470
922	333
150	140
571	341
87	6
495	58
611	578
189	76
693	355
709	483
291	204
47	3
946	724
629	93
168	166
328	193
720	557
470	467
84	6
552	438
615	91
382	42
460	131
180	14
746	724
56	51
452	241
799	218
458	106
321	317
94	82
951	588
1011	452
699	441
128	105
489	287
726	552
314	42
313	140
289	24
751	158
568	76
241	49
757	513
11	1
888	887
410	396
870	824
329	54
269	51
1020	757
80	6
219	193
668	115
1105	1070
592	327
49	3
633	243
447	422
114	10
395	370
175	14
458	257
913	316
76	49
59	58
500	430
640	440
730	372
742	600
71	59
833	248
446	210
591	142
586	445
1075	748
748	744
387	382
311	310
603	186
336	291
837	290
237	167
740	152
97	23
884	688
1005	860
259	45
795	712
444	91
743	591
124	117
214	202
573	185
631	94
322	164
609	370
784	380
576	79
429	125
215	209
344	155
507	415
1045	848
542	284
467	73
400	343
431	299
400	80
263	107
289	215
701	399
836	271
150	12
1059	549
404	228
1074	592
306	240
185	149
368	268
541	308
698	130
50	42
218	154
891	889
847	301
1073	588
409	299
805	223
839	255
333	54
393	303
251	105
331	145
921	333
477	57
314	39
838	837
501	217
1034	808
452	308
228	20
164	14
1013	464
573	152
213	204
468	303
621	598
749	306
996	564
84	76
303	42
568	353
454	86
165	112
414	276
660	562
826	240
240	230
371	146
582	101
123	16
441	49
537	72
503	263
976	831
504	62
895	332
245	31
663	188
641	545
7	3
242	20
552	542
568	235
332	137
697	321
682	117
394	42
469	55
538	392
965	367
1121	931
661	657
293	201
643	642
929	368
692	200
239	21
929	425
912	314
711	137
468	446
390	56
84	42
508	285
671	355
633	237
94	41
384	331
386	44
71	46
730	299
630	94
108	24
684	118
489	163
386	42
210	196
333	200
1098	849
373	68
795	315
662	137
338	134
354	140
724	396
431	332
595	85
706	481
900	306
489	195
495	290
792	648
532	227
265	25
355	45
207	205
153	13
290	24
970	376
817	429
729	389
10	9
178	30
332	39
393	183
710	267
462	54
975	378
367	125
772	188
868	427
834	775
217	205
176	124
305	27
214	137
210	16
481	57
238	137
135	44
444	240
848	471
702	131
564	554
332	135
119	110
131	11
538	451
182	177
210	116
168	112
210	21
322	317
194	30
887	299
403	42
859	633
339	316
666	259
420	137
1123	997
349	45
396	153
455	452
1112	1098
1026	564
1038	481
1054	527
1067	1005
436	49
709	543
900	899
327	198
451	51
418	134
329	304
506	500
884	429
162	14
1014	636
34	28
766	187
246	41
457	397
457	333
910	313
351	270
470	132
489	58
218	105
368	262
438	322
953	392
333	81
361	166
326	320
275	38
661	106
459	52
591	243
854	614
324	227
196	105
135	117
808	419
230	138
468	457
846	395
1078	634
360	40
946	347
180	82
486	477
507	147
222	198
28	13
152	12
426	57
1023	486
543	331
284	92
16	6
468	101
385	42
1085	617
594	193
847	706
571	396
675	195
888	571
888	885
274	204
827	331
727	143
56	16
507	90
1004	432
510	68
385	382
962	365
501	273
484	241
470	333
953	352
204	88
663	106
389	341
961	590
367	241
741	157
769	256
274	49
212	197
464	191
679	116
600	193
656	452
62	25
932	339
1053	546
634	608
420	45
549	223
756	396
284	105
545	73
371	41
491	58
703	687
1084	612
415	45
563	165
16	2
269	23
368	334
284	213
85	80
329	122
687	453
166	121
358	354
212	208
983	920
726	591
841	256
750	358
1098	709
281	23
872	750
439	303
161	120
755	418
322	210
638	586
168	113
829	270
1065	912
62	58
902	527
607	497
891	784
474	201
211	205
458	260
981	504
69	57
887	885
756	542
371	62
773	411
496	59
237	82
431	389
769	358
113	10
369	41
152	75
236	19
296	182
434	332
508	71
944	743
542	389
244	132
573	505
707	134
150	145
933	477
1005	932
849	479
948	350
27	6
56	55
824	238
9	2
993	410
730	393
662	156
334	41
155	131
219	88
822	237
570	76
885	784
1069	793
509	506
629	327
511	65
1090	663
412	332
405	82
79	49
507	451
778	337
193	88
833	809
466	187
599	88
697	403
668	290
765	551
336	31
387	42
4	3
756	431
300	25
34	6
206	198
848	264
468	434
658	308
38	27
500	451
116	24
237	182
1084	1080
598	568
810	470
540	507
572	399
798	216
157	21
169	70
834	512
528	69
67	4
446	116
198	162
146	52
378	275
443	248
124	24
293	40
585	330
573	76
504	299
324	321
354	146
306	27
378	316
786	780
788	434
8	1
409	408
36	2
547	132
1050	711
250	246
523	314
20	2
654	455
795	313
434	404
200	30
176	78
38	23
431	243
894	303
677	625
932	468
11	4
730	332
958	388
45	3
817	425
930	339
796	213
401	219
326	323
606	90
75	5
373	72
1020	475
208	127
837	255
373	62
1084	661
404	150
333	140
260	21
46	43
590	413
42	23
146	84
672	113
1087	935
383	44
452	369
377	134
1098	848
28	3
577	79
698	650
1036	824
1130	1073
372	134
323	192
271	200
557	75
1023	923
860	271
641	129
329	125
483	65
1088	658
996	957
488	58
446	291
23	15
241	81
672	259
322	163
396	42
155	134
327	130
386	383
1105	1004
806	224
771	515
1008	451
551	549
1001	458
245	39
396	140
331	329
569	114
363	325
698	205
700	498
354	51
79	5
377	41
468	75
198	176
748	434
816	549
62	41
446	274
1104	771
672	367
775	429
807	227
817	234
633	163
767	365
198	16
1093	680
462	76
443	50
549	344
204	194
416	355
504	140
351	134
331	105
564	278
697	320
725	199
486	483
853	691
487	460
45	13
259	50
22	11
344	38
591	381
393	284
449	51
100	96
259	88
573	150
521	509
182	14
18	3
584	171
334	31
1133	1096
306	249
705	409
47	41
756	590
717	136
136	14
660	352
943	412
314	147
889	512
689	489
404	313
677	585
454	429
501	438
603	458
52	3
942	347
568	415
432	46
108	16
490	67
590	356
287	255
468	55
886	552
929	853
153	84
390	378
1021	460
321	320
166	120
552	413
289	221
505	149
479	309
410	356
586	155
308	305
389	378
150	149
22	13
517	118
146	12
206	49
1067	907
710	573
55	49
819	772
202	16
331	248
251	31
381	380
1106	802
182	23
808	757
549	541
134	71
434	409
495	223
439	49
28	1
69	13
189	93
499	256
1066	902
240	233
316	66
460	82
378	233
1063	555
504	142
551	183
958	396
15	1
1037	480
483	477
261	21
329	284
840	701
699	162
316	146
946	940
146	143
882	441
227	25
940	748
1054	912
565	554
108	70
1002	429
351	94
300	185
945	347
1087	987
1003	908
71	66
635	98
364	207
694	255
239	147
23	1
72	64
238	41
1067	578
646	641
155	81
250	39
346	155
321	30
16	14
357	341
243	137
286	213
350	313
775	697
147	12
341	303
251	56
63	4
24	14
282	66
435	49
216	207
660	188
216	199
978	389
22	7
302	25
399	45
147	143
744	591
390	333
43	20
230	43
936	382
232	19
695	446
591	84
564	331
1014	454
190	183
1097	705
442	322
18	2
1002	922
902	558
386	332
408	407
289	56
415	106
15	14
374	41
999	427
890	381
891	357
204	196
546	523
756	726
38	19
301	25
952	819
649	140
731	728
201	49
361	80
588	188
702	156
233	137
520	305
729	726
451	275
206	128
839	287
891	341
300	152
578	227
73	5
1009	456
874	287
687	367
218	199
471	460
356	72
434	333
573	503
1034	513
950	451
895	894
157	42
696	216
648	127
726	412
632	95
503	371
298	230
774	464
409	337
501	132
330	31
585	241
508	485
438	201
554	74
366	40
117	70
549	415
476	65
427	90
314	29
981	920
654	279
569	124
454	81
784	385
452	52
457	94
640	323
239	230
755	260
371	145
140	62
437	130
452	415
497	483
584	441
633	233
872	606
22	1
786	695
568	562
650	219
1080	968
846	392
743	153
605	485
981	976
227	105
215	116
990	665
451	445
859	276
131	94
258	251
892	409
313	142
71	4
293	194
146	145
574	92
303	243
24	2
134	11
457	52
819	588
586	202
237	155
415	316
203	62
1047	675
1076	593
690	124
221	217
695	206
201	56
943	347
233	20
697	128
37	2
489	367
772	660
255	233
4	2
120	108
381	183
439	116
810	334
433	47
761	308
887	434
849	482
430	65
327	196
518	227
1046	489
333	105
378	54
322	79
30	9
246	21
578	80
313	39
483	475
742	152
1000	427
157	52
396	243
663	452
487	134
886	885
269	52
239	146
657	391
612	610
297	165
395	268
916	321
472	259
662	452
598	98
598	454
520	137
757	160
293	217
1032	468
1101	757
912	558
367	250
382	303
775	756
332	329
312	310
859	354
607	90
148	140
750	158
427	63
35	2
172	165
243	20
487	483
636	627
314	181
2	1
686	284
569	546
646	408
163	113
378	244
43	39
535	72
873	287
668	107
965	742
617	132
58	24
890	341
152	147
355	41
472	360
543	410
446	322
769	352
827	415
608	376
327	162
786	599
578	382
220	16
599	317
823	238
885	434
518	88
439	393
196	56
46	3
62	4
162	78
726	410
680	128
963	860
429	86
361	49
335	52
661	158
767	395
193	16
355	271
964	367
954	369
219	205
917	322
356	347
784	382
212	196
640	629
1054	561
238	233
501	104
597	86
953	819
300	267
565	486
510	282
246	103
243	83
245	41
660	455
364	341
209	16
411	410
649	199
176	80
936	341
128	85
995	564
1034	471
332	42
826	243
1044	487
591	388
267	140
663	134
680	532
824	278
396	299
324	128
12	1
105	42
543	335
441	118
1043	995
58	4
757	460
1066	561
289	196
354	141
22	2
314	50
958	398
987	935
532	280
367	48
701	131
1034	848
794	217
224	192
282	58
279	23
289	205
430	67
476	63
825	814
753	395
503	192
408	406
200	129
942	507
580	80
932	432
396	90
963	362
28	7
404	210
18	13
316	299
520	429
576	339
895	504
868	554
476	57
248	245
764	183
330	70
179	14
1120	930
691	663
297	162
269	256
694	689
569	117
389	332
693	367
48	46
287	122
274	127
687	532
414	105
806	699
996	480
109	24
455	188
809	230
506	69
513	238
672	130
466	241
757	471
372	279
1069	907
458	275
333	42
157	92
879	367
454	137
441	198
560	212
72	4
331	54
185	184
587	338
855	269
272	204
30	24
327	30
291	85
181	14
424	45
272	23
25	21
701	269
1098	706
996	705
413	52
147	139
253	21
265	23
184	15
50	41
472	213
1069	910
786	215
538	353
365	340
730	504
197	181
439	58
848	419
95	86
870	351
680	211
958	724
427	71
423	257
591	356
33	16
429	214
268	156
133	79
1095	878
742	596
140	84
365	40
659	572
243	241
737	723
677	116
386	303
243	214
387	385
431	410
420	329
46	39
795	765
811	302
321	202
899	306
328	204
372	280
233	91
447	51
614	103
510	72
573	556
333	78
127	116
196	77
745	153
509	427
648	205
99	7
452	268
356	39
62	59
435	321
517	441
588	269
70	10
420	259
205	85
611	91
563	121
413	137
338	50
412	396
363	221
476	427
584	401
606	376
558	543
332	44
338	31
997	423
268	106
265	101
567	183
557	267
212	211
783	198
378	42
574	77
339	281
995	483
410	407
317	30
578	403
482	301
176	24
594	518
385	341
390	194
189	183
594	85
332	41
546	429
437	105
19	11
923	855
468	315
192	16
485	430
687	434
137	131
869	564
259	21
724	389
698	198
332	48
231	57
699	584
222	193
233	28
787	725
532	113
291	205
976	398
879	287
979	657
588	243
630	376
185	183
1050	989
890	382
368	227
6	1
77	5
420	333
430	68
45	39
129	16
186	19
632	458
794	212
610	90
206	184
1035	870
81	46
254	231
904	312
267	145
460	429
82	6
689	122
683	629
182	82
250	41
467	135
241	182
811	578
780	196
961	356
746	744
218	16
420	335
201	55
648	105
265	39
120	117
554	460
255	21
172	121
698	441
908	833
328	30
504	434
354	42
892	341
786	199
612	334
642	198
692	214
886	434
396	332
484	57
660	368
390	105
601	594
367	287
1045	1026
214	116
105	21
63	62
429	46
416	185
995	482
890	388
150	63
454	115
124	113
437	56
552	411
316	29
725	143
644	105
1060	553
585	348
531	70
185	62
426	69
1003	431
181	176
691	168
245	21
453	52
629	218
593	85
322	291
776	240
786	216
54	51
382	381
896	512
363	49
233	76
842	256
69	66
584	297
361	210
552	389
126	10
481	134
945	724
480	135
307	116
368	50
119	76
780	599
156	13
379	248
523	466
148	142
710	135
44	42
467	188
397	313
578	564
213	56
881	342
9	1
500	427
988	861
783	649
743	347
607	508
770	188
504	135
1097	808
542	434
405	81
578	242
907	312
818	501
196	23
322	30
445	51
351	163
47	21
525	506
218	209
439	194
711	135
267	152
783	703
950	715
354	46
403	376
588	467
656	352
884	692
66	62
269	184
210	56
46	41
247	21
1038	709
336	205
307	105
50	39
327	56
748	746
698	215
429	405
573	354
573	84
563	168
344	181
532	333
881	330
353	51
957	564
1007	554
116	10
83	6
335	251
673	329
401	198
358	39
401	80
202	49
746	745
926	335
652	106
657	268
109	10
71	62
692	149
376	73
849	264
954	353
120	80
700	183
812	239
775	407
725	284
216	212
216	215
834	833
612	136
368	41
592	193
973	377
915	319
73	45
953	368
446	196
698	343
439	263
366	213
350	345
575	78
573	300
259	132
566	76
41	39
451	279
549	501
464	189
743	333
962	660
1026	487
34	16
335	31
900	711
401	215
650	592
945	356
301	82
182	128
548	458
41	9
216	205
260	73
548	358
655	106
341	76
945	591
503	204
311	135
466	362
801	698
969	634
1105	1067
1112	869
639	103
599	218
255	58
682	136
434	402
121	78
215	85
849	475
582	80
244	61
802	390
588	445
1068	1017
101	8
1050	988
811	233
16	10
1050	509
1105	1005
729	542
254	52
718	136
271	50
19	2
991	407
371	149
669	120
1039	481
289	116
354	257
599	196
726	183
756	398
957	422
687	250
836	518
129	10
730	590
507	72
293	56
473	196
262	23
276	23
578	327
568	553
332	140
215	206
529	69
361	206
592	219
681	116
786	289
836	255
479	57
863	274
861	711
361	201
222	16
150	147
981	895
825	657
614	256
335	202
390	116
255	125
924	634
433	252
1113	865
219	198
204	116
377	155
18	11
773	649
908	904
76	7
187	183
25	23
892	431
821	237
788	410
204	105
725	291
878	495
1067	687
1050	861
89	73
378	372
104	31
607	500
317	55
485	68
630	603
545	465
508	427
890	385
246	245
280	23
152	145
393	385
269	254
212	16
752	395
477	447
240	39
641	446
489	344
190	185
995	460
872	370
540	150
135	11
875	480
654	588
483	57
375	330
393	276
305	116
331	185
671	280
687	351
106	13
724	183
270	41
341	32
268	23
552	356
431	409
667	107
585	134
588	455
573	146
627	98
919	330
381	303
402	355
632	461
903	558
341	267
90	7
404	271
599	216
185	117
401	42
699	297
1038	1035
372	324
778	195
691	134
368	351
214	21
445	377
687	122
76	5
1116	884
775	198
694	355
349	38
585	81
142	141
81	50
955	354
592	555
547	73
22	20
327	274
274	205
859	409
196	74
112	10
563	182
677	155
376	266
748	347
380	42
559	185
14	1
954	707
487	238
1009	990
849	816
927	337
562	188
24	10
105	39
238	27
941	940
625	454
295	287
473	207
1118	898
217	204
407	384
230	27
521	470
604	90
89	7
572	256
549	528
308	296
691	435
414	293
123	10
395	158
363	40
298	25
504	243
251	45
23	21
519	67
357	355
1022	460
185	54
962	358
287	74
737	149
827	316
23	3
848	513
758	160
1027	757
183	158
902	314
440	240
134	23
45	23
557	152
929	339
426	46
239	137
578	150
495	367
425	210
698	512
501	244
396	389
279	275
867	277
104	9
836	671
120	112
425	106
607	483
382	341
787	647
812	233
769	660
377	262
638	101
470	356
76	15
458	314
34	33
90	64
505	140
831	243
243	128
870	476
148	135
70	34
903	795
325	324
847	816
901	307
444	237
407	44
243	233
513	333
654	598
183	76
808	228
908	341
468	356
695	593
269	156
668	355
568	279
954	588
578	521
1113	859
584	80
573	149
649	468
503	214
92	88
433	337
868	855
363	321
271	112
664	660
654	467
888	552
291	105
329	185
833	379
390	220
39	23
314	271
590	153
178	14
368	51
788	552
724	590
504	383
744	153
316	52
205	200
3	1
132	11
789	203
986	724
472	105
212	193
647	105
542	329
1038	706
176	162
474	202
564	76
72	57
1036	477
212	85
595	592
517	507
485	90
90	68
119	117
120	78
885	571
269	43
216	16
660	106
241	50
433	329
390	327
511	68
206	116
588	241
1026	460
375	41
452	235
485	67
386	299
332	84
283	23
168	120
196	162
167	165
259	105
622	454
802	220
268	40
125	10
444	443
188	15
348	258
975	691
831	549
1058	546
182	24
567	76
588	82
552	504
980	840
361	196
602	183
323	277
872	634
920	504
13	5
543	433
398	42
392	241
355	237
355	122
110	24
806	584
735	145
333	104
546	73
476	62
756	571
6	5
733	144
404	42
1032	598
506	64
1089	1088
838	367
895	303
716	136
730	633
19	1
308	81
700	585
1039	1035
41	19
480	57
920	393
243	217
373	243
660	501
868	824
170	112
1037	811
640	218
1092	671
641	105
464	237
775	217
612	256
877	297
86	27
485	285
179	120
508	500
135	52
1100	958
296	108
134	131
56	49
443	240
239	165
688	214
535	415
439	196
543	122
414	356
300	140
908	312
259	254
729	434
329	311
389	299
282	68
848	808
573	147
662	106
784	384
987	401
845	260
263	23
331	251
1017	459
950	352
243	239
887	886
135	99
677	660
844	257
369	257
52	44
248	192
1002	460
40	21
143	83
503	337
660	549
573	557
340	241
969	376
145	12
1025	460
891	384
505	146
765	521
1066	912
392	368
992	908
401	162
201	92
340	52
729	305
605	418
221	215
604	183
39	21
686	122
562	352
185	49
443	298
1013	454
183	87
593	116
707	358
176	120
152	142
564	483
269	196
509	69
221	216
325	321
783	293
146	139
741	559
411	44
189	54
135	23
354	185
333	271
429	284
278	51
629	118
743	412
639	186
983	894
584	327
203	40
182	52
288	24
882	377
182	70
985	608
725	591
16	13
704	687
442	321
416	145
116	105
542	72
343	208
349	316
902	561
680	116
507	500
302	136
361	214
19	3
400	79
928	554
438	307
1033	468
598	266
466	74
711	330
945	743
661	395
881	531
527	314
426	90
65	57
307	213
656	578
120	24
168	165
321	137
544	73
979	498
844	579
341	62
994	706
566	183
446	343
399	270
478	57
337	333
361	360
543	356
258	201
321	252
1045	757
887	571
296	24
510	485
305	128
765	183
545	200
458	235
446	204
555	248
207	128
881	296
770	769
549	484
194	16
303	128
802	401
822	610
224	17
775	555
400	42
286	67
945	744
171	14
258	202
9	7
198	88
821	501
429	128
331	31
327	289
824	447
663	481
263	204
683	118
428	146
143	142
335	333
380	303
325	201
522	483
853	553
233	210
694	125
623	454
401	212
425	268
578	189
1058	819
1070	1005
445	155
376	137
356	355
543	284
650	105
297	131
742	185
384	381
543	333
137	94
231	19
362	52
999	507
756	730
170	14
219	211
362	146
219	208
92	49
729	552
130	10
169	121
981	894
616	92
112	58
372	333
105	104
117	110
218	30
345	38
477	460
468	467
671	195
554	137
549	74
591	239
853	820
976	773
368	346
893	393
458	391
351	58
629	326
355	224
201	82
50	20
430	425
3	2
66	59
976	728
163	112
318	30
497	59
426	58
574	333
434	271
214	204
564	419
270	23
204	16
704	661
1049	499
996	447
380	341
769	188
1054	558
532	120
364	213
215	198
585	270
868	278
323	321
133	73
650	214
771	188
988	714
883	298
326	30
228	18
705	415
589	82
307	27
124	119
321	49
737	636
339	308
440	49
594	198
706	663
903	310
608	334
724	504
532	70
578	185
625	464
357	39
392	248
909	313
757	533
269	49
368	66
240	138
986	958
846	260
633	389
599	594
888	886
632	429
437	251
1062	598
574	400
748	590
354	39
698	210
1025	757
233	86
554	422
642	200
596	209
322	206
744	356
694	277
239	233
713	378
135	104
178	166
387	303
390	196
327	85
413	309
332	157
196	128
554	278
196	193
290	122
452	243
327	49
194	56
1012	454
705	194
414	46
588	378
105	76
960	399
383	357
663	585
333	259
406	44
487	481
16	7
564	481
563	172
605	90
853	268
124	76
892	504
890	784
989	861
568	322
752	657
355	112
542	396
388	42
564	549
207	198
982	894
140	72
1039	706
289	211
219	215
147	29
580	186
504	393
30	10
228	50
363	215
833	388
786	390
105	40
444	233
293	204
871	278
585	233
220	196
617	200
206	21
930	354
565	136
769	588
54	31
458	52
729	299
711	359
976	895
241	31
431	46
1001	611
513	486
34	14
323	320
205	118
588	106
734	376
435	128
641	333
754	753
571	552
222	215
194	74
1029	464
277	23
396	72
499	430
367	40
1123	979
592	215
206	107
594	215
968	612
427	46
849	554
196	16
542	410
80	76
383	337
1077	598
205	116
314	228
202	56
547	291
711	350
415	268
67	58
885	756
696	472
664	106
183	150
676	305
150	84
1007	447
185	152
1098	1035
588	137
781	289
465	54
415	354
808	513
485	476
781	390
989	402
558	527
363	199
958	942
761	176
1108	834
362	340
166	165
949	350
214	210
521	69
263	196
609	421
381	333
513	460
588	452
151	12
28	8
996	995
711	233
977	382
280	179
378	73
26	1
339	31
468	355
747	724
381	82
70	27
564	479
189	184
729	438
144	12
505	74
698	211
923	612
995	477
416	45
226	18
480	479
1020	477
567	566
1041	607
1112	868
468	403
255	115
698	192
500	69
353	41
944	347
446	51
205	105
241	52
328	49
662	415
870	868
568	344
532	355
398	299
887	389
404	142
603	93
378	86
622	189
590	347
447	73
231	182
334	231
780	584
887	788
722	140
22	9
196	135
996	477
718	313
481	65
709	238
77	16
384	303
560	75
76	13
533	460
591	153
696	127
59	4
438	214
239	70
581	543
165	14
446	127
404	388
112	14
421	45
853	653
396	315
206	74
539	500
987	699
844	308
593	382
502	61
584	161
874	489
915	322
407	356
369	268
1041	491
548	73
852	267
1110	836
104	47
444	69
935	658
564	513
953	588
412	44
552	412
736	505
744	590
1053	765
978	890
251	202
725	390
238	67
1004	907
542	299
775	248
468	208
656	106
756	552
652	415
219	69
489	355
399	42
210	41
657	402
443	393
657	452
267	76
115	24
1081	612
950	530
161	117
161	80
780	197
16	1
219	85
993	434
584	289
443	230
1069	1032
246	23
284	250
354	316
34	24
413	276
617	543
233	38
1078	1069
1069	1004
325	30
146	141
466	333
182	110
368	354
649	127
983	413
706	691
108	34
780	216
354	142
790	697
495	316
558	529
467	76
229	19
847	264
568	257
1112	995
240	231
98	7
545	339
888	788
336	322
287	52
705	237
308	34
698	401
834	443
400	105
638	186
472	219
735	152
24	1
641	200
819	770
825	707
612	91
423	331
623	189
413	44
460	81
124	110
816	447
1105	910
103	41
22	3
904	512
278	23
712	313
691	585
594	222
134	81
225	115
1053	822
885	726
356	337
201	105
460	419
980	572
274	201
364	56
875	495
20	1
555	74
221	16
39	3
437	213
954	568
623	93
107	39
365	268
159	13
765	528
184	80
614	91
748	153
413	412
648	594
237	168
45	42
163	14
745	593
401	85
317	129
284	200
375	155
375	346
992	512
853	659
648	378
93	89
676	210
289	286
654	352
660	257
324	50
136	79
532	117
207	196
244	20
499	483
581	545
333	50
886	389
1005	1004
533	136
333	45
252	107
185	145
518	85
439	322
819	237
1043	706
822	432
306	252
573	203
590	298
645	641
632	491
250	21
378	313
145	62
299	25
240	43
27	11
594	274
747	356
777	196
592	518
282	46
34	10
369	72
128	55
787	200
647	198
815	233
57	4
568	268
93	7
106	9
769	562
569	185
781	196
200	16
882	297
956	355
358	106
1067	1004
530	70
529	521
346	254
322	321
393	42
608	90
620	270
430	59
201	16
220	176
802	433
482	57
195	16
97	7
213	16
1067	793
968	403
96	7
371	354
880	837
390	205
165	120
211	204
569	110
82	19
809	379
297	120
726	504
622	191
349	140
186	27
553	76
117	10
413	378
466	76
269	116
143	12
501	61
636	98
730	386
1008	483
976	894
334	254
317	196
612	533
790	698
636	434
508	476
806	225
1103	768
269	241
155	135
687	555
1075	593
214	196
134	133
293	49
105	51
378	105
942	398
105	56
426	59
371	152
603	578
504	396
72	46
212	198
481	131
634	376
305	235
914	415
691	355
1099	714
1005	793
585	246
672	210
206	105
990	404
1028	462
127	10
303	25
275	27
356	153
654	188
1122	960
134	41
401	193
702	237
34	30
354	339
454	93
470	116
204	198
390	216
726	571
842	459
324	55
198	105
692	321
596	200
381	143
887	552
691	481
400	361
947	349
45	11
975	770
233	71
39	25
213	133
1090	921
539	443
161	78
1089	658
57	46
243	81
902	310
925	334
239	19
419	45
203	105
362	69
898	306
1080	612
637	101
178	121
1051	512
571	389
539	72
554	429
634	96
985	924
452	81
1009	541
748	745
169	14
200	105
252	21
848	460
362	40
872	417
361	105
174	121
920	332
332	56
911	907
383	382
762	564
699	130
632	270
920	894
992	407
249	21
743	590
150	76
869	868
724	591
413	341
186	76
578	524
886	542
425	358
458	308
88	7
340	268
422	73
335	56
809	794
232	27
352	38
214	206
353	275
1023	808
286	58
282	67
725	600
953	771
456	52
1001	429
233	94
711	313
564	487
441	401
351	46
518	193
500	72
610	432
124	54
392	300
567	187
607	491
217	16
215	211
466	314
869	855
201	128
602	89
563	76
562	316
206	201
466	396
174	24
998	427
289	216
896	385
513	65
890	396
196	101
822	765
213	136
8	3
793	213
429	250
223	21
366	350
747	153
586	134
263	214
235	41
426	72
34	2
64	59
316	241
387	384
256	21
235	19
237	196
238	19
967	376
354	145
1043	483
130	85
200	107
783	744
626	93
495	224
398	271
655	588
464	54
60	25
638	466
218	104
566	190
257	51
564	238
908	512
145	140
394	135
780	198
603	454
990	818
193	85
383	381
632	94
391	42
340	237
558	468
951	352
311	306
373	46
830	243
1060	660
629	207
859	271
361	193
13	7
293	128
202	201
592	85
7	1
260	41
157	40
1020	460
952	588
267	149
981	730
368	316
385	384
724	412
136	11
19	7
654	562
741	603
512	248
252	122
925	598
742	222
553	74
359	183
658	340
102	8
237	19
383	42
737	152
480	476
10	1
712	509
396	388
828	242
958	355
185	146
363	328
358	316
354	150
532	218
692	125
39	18
393	381
417	279
694	489
183	78
376	334
113	78
378	330
1100	724
457	376
864	427
187	54
457	417
754	661
666	355
454	52
966	367
1078	610
378	270
435	116
150	146
798	725
325	49
194	130
1049	1001
752	158
452	137
143	140
897	304
869	854
213	207
313	132
383	332
68	4
1079	1078
869	483
564	333
555	124
336	201
1026	995
286	199
780	199
29	1
848	757
686	581
654	532
765	549
646	105
148	146
117	76
678	116
874	355
490	170
338	254
68	61
243	152
824	554
181	112
1015	458
439	274
387	135
673	115
69	58
158	13
556	75
784	381
532	168
21	3
294	24
972	377
721	543
382	380
22	4
558	314
694	668
675	480
127	80
532	182
122	10
161	14
1024	484
327	206
724	434
258	21
484	447
204	197
454	191
649	194
942	941
185	161
709	545
660	467
983	585
13	6
834	809
1016	458
268	54
543	384
418	346
626	464
571	299
246	39
28	6
731	143
497	491
174	165
328	212
766	183
687	543
54	45
1031	587
905	402
694	495
420	105
840	399
730	725
748	396
280	28
737	621
423	45
299	276
267	23
908	408
886	726
274	210
729	284
578	142
475	57
720	354
1038	565
698	207
1048	764
64	62
240	134
468	337
364	148
795	212
411	409
725	592
578	562
818	235
191	15
314	134
590	233
936	784
354	338
823	816
489	333
504	332
237	38
447	238
186	15
323	30
660	649
393	332
725	408
467	378
54	21
890	507
225	17
573	416
711	252
384	329
800	219
316	268
124	58
589	187
552	434
706	585
438	204
889	357
829	243
282	57
938	387
736	371
393	305
846	340
705	351
879	699
983	895
222	212
27	3
387	383
724	142
218	216
596	105
1086	651
810	254
387	380
578	105
400	206
864	275
134	113
1003	728
952	950
618	92
526	69
895	592
838	255
213	212
365	52
358	308
723	152
1027	460
169	119
892	410
726	385
420	251
118	93
1009	555
1131	1080
190	76
223	17
7	2
1112	855
1042	483
528	226
413	73
289	128
888	726
333	276
280	112
105	79
1047	495
876	287
584	390
267	75
935	340
633	94
506	285
135	134
416	371
455	352
252	250
893	504
952	352
614	611
429	338
121	10
43	3
354	75
746	347
332	143
323	203
429	298
386	381
788	726
1064	560
41	3
726	434
651	105
234	19
384	341
528	73
274	116
983	730
684	126
772	451
620	92
860	561
890	303
721	557
285	90
848	486
730	381
922	460
577	80
726	389
42	3
163	121
51	41
183	147
389	185
157	31
413	143
894	393
594	592
58	40
866	578
692	219
725	595
598	597
329	31
390	274
222	206
816	709
287	25
855	603
208	205
244	178
472	56
579	369
10	7
848	278
895	784
32	2
811	480
183	15
980	459
523	362
20	11
714	135
884	434
840	458
392	56
287	24
756	434
333	31
860	312
786	783
241	228
341	44
323	77
729	143
573	140
892	381
121	24
1035	847
442	49
268	72
22	6
756	389
33	24
790	204
485	65
872	279
138	137
750	356
719	141
854	269
470	367
765	523
103	21
364	333
233	204
416	357
339	102
484	418
445	348
412	153
888	756
772	654
427	282
1055	532
104	42
1066	795
418	242
598	94
27	22
715	183
858	270
93	15
1072	587
723	142
689	495
510	65
282	64
1007	475
429	122
376	234
988	402
1115	874
965	468
1013	622
640	104
599	518
202	31
698	212
378	227
1010	467
115	10
439	206
1119	919
335	42
128	107
425	45
214	16
390	49
887	756
407	406
381	42
1019	613
429	321
1096	701
110	10
754	158
170	70
602	189
698	687
483	480
444	282
745	396
209	204
182	28
105	80
532	110
495	355
133	52
620	336
765	466
990	462
287	115
404	50
878	287
149	146
788	200
369	91
269	80
371	300
42	40
397	376
312	29
669	114
503	237
512	65
694	675
475	241
362	155
725	438
713	135
267	62
372	42
133	117
696	219
104	21
809	443
509	508
891	303
399	354
741	505
612	572
578	188
24	17
556	144
385	303
120	10
595	219
55	3
761	340
466	54
729	409
466	69
585	254
603	90
946	356
963	432
103	9
387	386
702	269
946	590
1128	1023
348	315
327	176
721	149
610	96
350	38
746	591
801	219
426	282
772	588
134	42
1043	1039
888	542
709	475
986	396
233	120
454	378
601	518
194	80
316	191
1070	578
269	82
183	54
884	389
812	754
705	134
13	1
26	18
386	384
387	144
774	189
1129	1053
757	476
642	641
540	72
941	347
325	322
537	500
738	147
848	564
523	69
543	420
674	115
675	115
504	74
954	365
185	15
471	56
405	43
838	355
317	49
269	137
957	480
648	116
494	58
662	378
259	55
1038	870
875	287
598	135
780	215
431	135
429	186
700	614
414	186
220	197
111	10
662	589
80	23
598	279
128	49
892	303
755	706
694	195
132	61
191	50
358	41
364	185
11	3
331	132
882	566
638	132
6	2
563	120
80	14
559	152
724	413
271	101
599	221
217	128
782	197
775	650
819	467
425	308
650	201
218	204
392	353
567	190
549	504
730	500
621	454
585	237
552	299
741	152
40	3
976	393
806	441
517	320
101	74
309	28
386	385
604	89
72	59
1105	1066
501	171
206	58
926	799
162	113
456	308
55	34
941	724
545	105
1026	757
745	356
327	104
322	49
90	69
938	384
190	161
809	248
467	352
886	788
185	76
399	246
893	303
399	346
1069	1067
282	90
293	24
254	134
884	775
729	725
739	147
779	196
786	647
415	275
723	141
880	290
282	43
708	134
780	317
500	68
160	13
612	96
26	25
400	210
585	377
429	71
780	289
1010	707
389	356
274	80
120	33
871	870
1034	543
120	19
354	54
312	140
945	730
486	484
960	356
426	66
861	271
578	211
233	74
422	45
809	512
231	128
875	295
128	79
163	120
337	42
359	40
628	93
468	397
124	14
1039	847
599	193
504	381
319	30
434	239
798	401
500	470
736	185
835	251
564	447
137	128
247	41
541	235
330	239
33	2
217	107
1052	514
454	229
585	378
585	137
675	367
884	383
822	528
46	21
565	76
391	106
791	204
1078	793
392	280
600	594
325	194
1125	998
677	213
923	457
241	145
892	393
418	391
904	431
41	21
218	215
883	586
517	67
429	299
332	120
47	40
367	135
1070	1069
34	3
106	41
804	222
371	185
129	105
351	72
306	82
1022	483
1003	992
344	49
333	157
176	14
902	392
953	598
564	422
597	94
270	73
691	196
767	354
30	16
960	572
715	662
719	148
940	724
607	522
840	459
573	267
919	429
821	464
38	18
366	51
1062	928
555	312
693	290
207	16
128	116
778	671
385	380
454	89
512	341
310	29
861	333
468	105
817	456
669	110
395	42
418	260
936	889
210	105
558	333
851	710
24	9
554	481
603	598
995	484
137	125
367	50
931	339
370	102
62	57
880	668
1078	1032
335	201
287	182
466	344
396	147
545	122
373	41
364	144
888	299
832	244
266	23
415	241
585	131
872	376
417	370
497	430
346	231
44	23
153	12
446	208
355	70
978	726
924	334
194	116
660	564
775	331
99	94
360	56
501	355
56	3
688	300
307	265
720	147
116	80
308	28
183	124
196	176
316	237
219	127
821	624
581	329
187	15
792	212
271	228
342	34
191	41
550	74
824	422
346	54
885	389
607	507
613	91
413	389
654	106
594	205
329	140
181	113
227	23
707	458
392	356
269	91
642	216
559	75
813	233
222	85
435	307
967	610
944	396
245	42
757	487
1087	658
578	454
1098	1039
241	38
365	354
299	143
596	85
797	213
444	70
510	90
205	204
305	233
282	72
14	13
372	41
725	552
464	89
313	29
332	146
201	196
995	486
629	198
216	204
332	203
289	197
434	299
218	196
968	376
532	367
716	256
305	259
545	471
621	603
510	64
340	228
677	131
227	135
1065	561
624	464
384	183
30	1
648	208
356	271
660	423
675	224
246	46
523	418
1079	610
446	193
860	555
234	131
532	237
562	507
584	177
149	140
411	407
836	451
543	429
513	471
534	72
529	527
256	91
654	452
559	144
773	189
623	622
761	456
355	283
452	106
687	156
486	460
677	404
681	326
322	168
908	336
790	219
671	578
54	3
552	407
500	285
69	4
233	82
666	324
392	271
769	654
812	718
212	205
945	590
469	118
568	135
545	403
888	434
992	731
1006	439
128	104
248	240
191	183
54	23
107	9
327	212
396	143
317	194
216	105
511	72
413	381
495	489
72	53
277	182
665	106
659	425
378	155
59	57
700	459
231	38
168	24
206	16
746	153
660	654
1037	849
401	289
1067	910
1011	894
621	604
522	491
510	430
152	146
928	339
726	299
273	23
1078	910
579	80
330	131
708	598
174	120
511	508
659	268
179	112
884	552
66	58
775	193
54	49
950	538
567	87
1056	535
699	401
257	21
1031	466
147	76
277	82
100	7
868	482
687	588
15	7
573	190
367	52
182	34
603	89
892	396
233	19
240	19
82	70
734	144
135	41
731	408
952	467
441	212
492	70
341	183
333	112
415	368
1005	432
485	57
565	339
147	77
66	57
757	582
1083	612
905	312
759	160
912	902
20	19
744	724
1068	1019
336	333
194	128
137	106
183	161
1003	731
68	64
54	40
470	200
358	268
197	196
331	122
339	106
146	140
835	391
677	562
775	512
859	729
272	265
1068	980
607	134
568	445
976	865
282	233
373	58
515	66
715	598
55	40
982	730
91	7
1051	904
945	746
591	284
206	192
543	73
448	51
472	196
212	207
428	238
642	210
846	657
470	61
711	466
241	150
886	571
201	79
376	96
1111	836
602	465
370	41
64	57
143	84
769	656
456	235
123	14
983	976
282	65
196	30
410	389
51	3
94	86
564	460
25	1
64	46
770	467
634	334
191	184
453	238
495	295
313	136
52	50
739	152
712	315
397	42
400	322
303	49
346	287
274	214
239	83
454	189
190	15
940	745
1050	504
182	176
625	183
420	77
48	3
92	7
994	418
1069	1005
701	499
384	42
704	373
207	56
307	305
554	101
685	120
859	388
590	239
237	94
564	484
64	4
134	106
851	267
218	201
483	64
545	300
70	4
23	18
869	554
446	390
633	143
11	2
963	932
709	564
201	30
457	96
586	356
606	94
627	93
884	413
271	23
385	381
621	93
401	205
429	376
152	84
687	433
81	20
227	39
128	56
538	106
518	67
908	719
912	527
591	387
695	594
320	30
606	135
42	39
255	23
775	704
1063	958
711	186
592	291
663	553
780	218
896	357
586	81
234	182
728	143
534	308
622	602
816	565
809	389
267	185
335	218
409	44
94	81
388	276
985	634
896	774
923	334
552	74
434	48
721	545
213	105
718	508
1069	578
438	305
912	468
105	55
456	449
139	12
538	372
492	166
86	19
50	3
552	468
274	208
896	341
168	14
578	384
770	588
59	46
110	14
696	650
607	233
765	359
545	135
263	206
167	24
930	761
407	332
444	440
864	368
95	7
821	734
750	378
410	409
33	14
822	523
983	393
19	18
491	490
792	205
833	504
688	367
443	142
750	271
957	479
1011	931
676	116
1086	693
27	19
983	981
886	299
520	82
569	119
700	131
457	313
709	481
549	467
234	133
707	316
499	59
887	726
518	215
241	46
487	57
76	54
60	4
705	532
840	391
726	542
671	290
169	33
259	31
155	13
851	416
763	182
731	450
859	836
284	23
767	185
624	93
896	303
1095	699
371	203
653	106
586	135
788	389
391	158
642	105
429	377
423	72
355	40
866	276
656	654
384	333
390	204
712	135
215	16
767	367
250	245
455	52
544	362
389	42
211	16
390	207
617	92
215	199
222	219
662	235
505	354
609	90
381	332
847	278
495	70
818	462
205	130
847	481
259	92
756	159
408	44
134	87
434	414
784	199
152	141
504	386
113	82
191	93
470	68
935	761
1109	836
937	341
217	105
470	56
591	143
695	127
896	384
274	105
46	23
756	276
573	468
979	496
344	339
603	338
243	231
401	211
670	112
432	362
1035	709
564	264
695	648
1053	523
176	113
415	155
590	143
745	744
957	355
454	54
611	348
836	468
660	588
337	47
21	18
834	248
711	521
50	45
228	52
857	270
172	120
612	376
792	208
41	20
25	11
280	70
56	40
623	598
65	64
134	74
833	542
475	65
840	425
414	44
1107	824
327	197
166	14
484	460
49	40
1035	483
907	432
227	45
893	332
659	106
333	255
860	432
191	45
355	273
330	305
335	204
390	197
981	393
817	308
328	325
349	69
10	2
834	555
434	389
274	218
940	590
207	204
467	372
215	193
551	74
215	212
305	237
741	598
592	222
410	333
513	419
1117	890
72	69
914	316
1126	1001
872	609
856	270
460	52
846	812
885	299
355	255
841	353
649	158
454	376
746	743
230	19
126	25
373	57
707	237
1073	770
228	81
291	24
570	523
415	329
420	57
68	46
937	410
240	23
1124	981
68	65
481	479
687	199
174	14
62	46
376	41
484	339
594	88
613	230
243	150
340	31
534	233
206	148
1007	687
624	454
390	322
107	14
875	675
461	445
436	361
438	49
289	199
235	27
1037	479
119	10
792	219
509	507
549	466
17	1
602	93
489	468
507	63
695	196
485	64
601	88
157	13
957	811
485	60
214	105
369	368
444	50
587	81
1041	497
446	105
914	452
724	332
850	807
765	313
549	181
141	12
470	274
524	69
532	518
372	145
642	116
330	38
468	116
148	75
743	396
312	311
87	54
238	25
786	363
691	124
840	256
809	775
128	52
194	41
568	94
59	21
874	495
669	119
945	745
344	116
339	331
881	308
590	412
219	212
472	204
197	162
769	467
906	312
591	332
538	415
269	237
503	267
688	122
354	268
420	284
601	193
416	341
140	12
332	243
595	327
660	233
578	341
755	508
230	23
1062	828
436	401
438	314
645	643
117	114
362	268
538	72
106	20
13	3
455	72
1043	847
333	299
128	74
198	85
569	120
211	30
463	54
364	196
647	200
181	120
441	363
896	889
434	159
354	84
25	18
295	24
868	564
237	145
774	766
895	393
623	602
316	76
270	38
810	231
469	336
515	455
594	446
338	42
178	120
141	84
545	217
409	384
140	134
692	233
687	306
81	6
505	62
884	341
843	257
203	23
726	725
678	196
362	246
208	16
709	134
292	24
649	105
720	140
439	105
184	135
995	957
507	427
205	198
908	427
8	6
257	235
271	42
404	209
116	49
733	710
390	176
38	2
354	334
723	143
421	397
95	27
227	134
221	199
135	131
540	434
16	3
186	74
573	145
757	486
415	235
27	18
87	41
898	429
645	200
416	203
612	417
504	443
831	532
650	335
124	10
410	299
581	400
420	73
27	1
532	167
71	63
454	95
554	475
747	396
775	443
269	76
871	855
393	384
614	269
884	298
118	10
984	661
965	600
725	219
72	58
133	11
353	38
191	54
21	1
934	340
677	638
167	164
662	451
285	24
251	21
205	16
571	76
780	221
176	82
541	344
632	351
329	312
132	101
271	164
658	333
467	54
1036	486
414	300
219	16
936	896
355	42
470	244
594	204
306	239
656	568
749	443
785	199
695	219
532	316
659	379
13	2
1057	538
532	335
430	46
1071	578
74	5
45	31
692	687
274	128
1132	1087
661	338
415	344
711	269
523	349
827	241
165	121
202	105
31	1
203	16
1102	765
66	4
128	10
695	274
953	769
821	454
689	273
572	184
1020	486
725	542
16	9
50	21
404	101
924	896
604	454
420	331
61	4
583	80
254	74
595	571
167	14
473	56
335	105
51	38
354	245
400	194
974	731
445	134
105	9
367	183
514	65
1037	957
540	285
1127	1009
262	41
1030	466
651	503
446	192
384	383
485	282
622	93
579	184
198	116
750	417
197	78
551	308
844	351
213	49
756	299
574	420
233	201
119	24
541	72
77	56
536	131
314	140
838	290
747	590
905	332
367	115
215	205
666	107
525	69
938	341
325	128
379	41
783	647
143	23
396	76
147	142
840	700
437	274
1005	907
825	239
482	447
1105	793
761	339
892	384
227	18
512	198
73	11
503	62
371	341
372	368
643	129
233	70
486	419
588	562
697	323
569	76
591	590
150	142
638	501
429	373
43	23
340	135
464	454
260	81
378	308
411	143
562	500
393	58
363	193
333	52
72	66
86	6
528	523
725	299
340	51
457	135
498	59
335	157
1068	578
196	194
7	6
849	709
503	105
501	353
399	228
515	452
554	479
452	358
446	205
495	283
980	392
69	46
13	9
643	641
568	549
347	38
792	211
353	72
788	299
732	144
437	49
354	147
206	203
939	344
405	240
696	695
959	355
133	45
862	273
703	131
210	204
46	4
