0 1
0 57
2 3
2 4
2 5
2 6
2 7
2 8
2 9
2 10
2 11
2 12
2 13
2 14
2 15
2 16
2 17
5 35
5 37
5 38
5 39
5 41
5 42
5 63
5 64
5 65
5 69
5 111
5 112
6 88
6 164
6 165
8 36
8 45
8 56
8 91
8 96
8 99
8 128
8 162
8 172
8 199
8 201
9 36
9 40
9 42
9 43
9 61
9 62
9 67
9 70
9 73
9 203
11 18
11 19
11 116
11 201
11 211
15 33
15 70
15 128
15 156
18 20
18 33
18 36
18 44
18 45
18 88
18 91
18 99
18 102
18 103
18 104
18 105
18 106
18 107
18 108
18 109
18 113
18 120
18 128
18 141
18 160
18 174
18 178
18 183
18 193
18 194
18 214
18 217
18 226
19 27
19 28
19 44
19 46
19 50
19 52
19 100
19 119
19 149
19 188
19 214
19 228
21 22
21 23
21 24
21 25
21 26
22 23
22 24
22 25
22 26
22 35
22 36
22 39
22 41
22 42
22 62
22 64
22 66
22 67
22 76
22 84
22 122
22 123
22 127
22 128
22 139
22 145
22 155
22 170
22 172
22 173
22 194
23 24
23 25
23 26
23 43
23 99
23 122
23 127
23 128
23 170
23 172
23 173
23 193
23 194
23 198
24 25
24 26
24 33
24 35
24 36
24 42
24 43
24 44
24 62
24 66
24 67
24 99
24 122
24 123
24 127
24 128
24 139
24 145
24 170
24 172
24 173
24 194
24 195
24 198
24 209
25 26
25 170
26 170
26 173
27 28
29 30
30 110
30 160
30 220
31 32
31 226
32 226
33 34
33 35
33 36
33 37
33 38
33 39
33 40
33 41
33 42
34 36
34 43
34 57
34 68
34 99
34 128
34 172
35 57
35 61
35 70
35 86
35 109
35 128
35 152
35 190
35 205
35 210
35 211
35 215
35 221
35 223
35 224
36 40
36 43
36 61
36 70
36 86
36 109
36 154
36 190
36 210
36 211
36 215
36 221
36 223
36 224
36 228
37 61
37 70
37 86
37 211
37 215
37 221
37 223
37 224
38 61
38 109
38 138
38 154
38 190
38 210
38 211
38 215
38 221
38 223
38 224
39 60
39 61
39 68
39 109
39 128
39 152
39 154
39 190
39 210
39 211
39 221
39 224
39 228
40 70
40 88
40 200
40 211
40 221
40 223
40 224
41 61
41 109
41 128
41 152
41 190
41 211
41 215
41 221
41 223
41 228
42 57
42 60
42 61
42 70
42 86
42 109
42 128
42 152
42 190
42 205
42 210
42 215
42 224
42 228
44 45
44 46
44 47
44 48
45 88
45 124
45 141
45 221
46 88
46 99
46 167
46 168
46 169
48 154
48 160
48 187
48 214
49 50
51 52
52 166
53 54
53 55
55 56
56 74
57 58
57 59
57 60
57 61
57 62
57 63
57 64
57 65
57 66
57 67
57 68
58 70
58 99
58 108
58 109
58 128
58 181
58 212
59 61
59 128
59 152
59 190
59 224
59 228
60 61
60 62
60 66
60 67
60 69
60 70
60 79
60 82
60 86
60 128
60 133
60 156
60 200
60 205
60 211
60 212
60 215
60 221
60 223
60 224
61 62
61 64
61 66
61 67
61 69
61 70
61 71
61 72
61 73
61 75
61 76
61 77
61 78
61 79
61 80
61 81
61 82
61 83
61 84
61 85
61 86
61 88
61 128
61 211
61 215
62 68
62 70
62 86
62 109
62 128
62 154
62 190
62 205
62 210
62 211
62 215
62 221
62 224
62 228
63 70
63 211
63 215
63 221
63 223
64 68
64 70
64 86
64 138
64 205
64 210
64 211
64 215
64 221
64 223
64 228
65 68
65 128
65 152
65 190
65 205
65 211
65 215
65 221
65 223
65 224
66 68
66 70
66 86
66 109
66 128
66 152
66 190
66 211
66 215
66 224
66 228
67 68
67 70
67 86
67 152
67 190
67 210
67 211
67 215
67 221
67 223
67 224
67 228
68 69
68 70
68 71
68 72
68 73
69 70
69 86
69 128
69 190
69 205
69 211
69 215
69 221
69 223
70 72
70 75
70 76
70 79
70 84
70 109
70 128
70 133
70 205
70 211
70 212
70 213
70 215
70 221
70 225
71 154
71 205
71 211
71 215
71 221
72 152
72 221
73 86
73 152
73 210
73 228
75 128
75 211
75 221
75 224
76 91
76 128
76 143
76 145
76 201
76 205
76 215
76 221
77 154
77 205
77 210
77 215
77 221
77 223
78 128
78 138
78 152
78 154
78 190
78 205
78 221
79 128
79 152
79 190
79 210
80 152
80 190
80 210
81 152
81 154
81 190
82 86
82 152
82 210
84 138
84 221
85 152
85 190
86 128
86 156
86 211
86 212
86 215
86 221
87 88
88 98
88 99
88 100
88 101
88 128
88 141
88 200
88 212
88 221
88 228
89 90
89 91
89 92
89 93
89 94
89 95
89 96
89 97
90 92
90 93
90 94
90 95
90 96
90 97
91 96
91 136
91 137
91 138
91 139
91 185
91 186
91 189
91 204
92 93
92 94
92 95
92 96
92 97
93 94
93 96
93 97
94 96
95 96
96 97
96 131
96 135
96 136
96 137
96 138
96 139
98 99
99 100
99 124
99 141
99 150
99 161
99 162
99 163
99 172
99 221
100 124
100 141
101 120
101 221
102 104
102 107
105 140
108 109
108 128
108 181
109 128
109 181
112 190
112 211
112 215
112 221
112 223
114 115
115 140
115 153
116 117
116 118
120 121
120 141
124 125
124 126
124 176
125 126
127 172
127 173
128 129
128 130
128 131
128 132
128 133
128 134
130 211
131 199
132 160
132 182
132 184
132 216
133 190
133 205
133 211
137 138
137 189
138 189
141 142
144 145
144 201
146 147
146 148
146 149
150 151
154 155
156 190
156 211
156 215
157 158
157 159
159 180
162 207
162 208
162 214
168 169
170 171
172 173
174 175
177 178
177 179
178 179
178 180
179 180
185 186
190 191
190 192
191 221
192 221
193 196
194 197
197 198
201 202
205 206
207 208
211 212
211 218
211 219
212 213
213 221
215 216
218 221
218 223
221 222
226 227
228 229
