1 2
1 3
1 4
2 101
2 102
2 3
2 4
2 99
2 100
3 4
5 11
5 12
5 13
5 14
5 15
5 16
5 17
5 18
5 19
5 20
5 21
5 22
5 23
5 24
5 25
5 26
5 27
5 28
5 29
5 30
5 31
5 32
5 33
5 34
5 35
5 6
5 7
5 8
5 9
5 10
6 103
6 104
6 105
6 106
6 12
6 13
6 15
6 20
6 21
6 22
6 23
6 27
6 29
6 30
6 7
6 8
6 9
6 10
7 106
7 12
7 13
7 17
7 20
7 22
7 23
7 26
7 29
7 30
7 32
7 8
7 9
7 10
8 11
8 103
8 104
8 106
8 12
8 13
8 14
8 15
8 16
8 17
8 19
8 20
8 22
8 23
8 24
8 25
8 26
8 28
8 30
8 31
8 32
8 33
8 34
8 35
8 628
8 629
8 630
8 631
8 632
8 633
8 634
8 635
8 636
8 637
8 9
8 10
9 106
9 12
9 13
9 17
9 21
9 22
9 23
9 27
9 30
9 32
9 636
9 675
9 827
9 828
9 10
10 105
10 106
10 20
10 22
10 23
10 29
10 30
10 946
11 104
11 1069
11 20
11 628
11 890
12 104
12 105
12 106
12 13
12 17
12 20
12 22
12 23
12 30
12 32
12 675
12 827
12 828
13 106
13 1187
13 15
13 17
13 20
13 21
13 22
13 23
13 26
13 27
13 29
13 30
13 32
13 632
13 636
13 675
13 732
13 825
13 827
13 828
13 868
14 104
14 1191
14 16
14 20
14 21
14 24
14 28
14 30
14 31
14 33
14 35
14 629
14 947
15 1124
15 20
15 22
15 23
15 26
15 30
15 630
15 631
15 632
15 637
15 732
15 762
16 104
16 1116
16 1187
16 1261
16 19
16 24
16 25
16 30
16 33
16 35
16 629
16 631
16 632
16 635
16 947
16 948
17 106
17 21
17 23
17 27
17 29
17 30
17 675
17 825
17 827
17 828
18 1125
18 1126
18 1127
18 1229
18 1281
18 20
18 21
18 34
18 630
18 633
18 637
18 762
19 1116
19 1261
19 24
19 25
19 30
19 31
19 33
19 35
19 635
19 636
19 947
19 948
20 1125
20 1126
20 1127
20 1187
20 21
20 22
20 23
20 24
20 26
20 27
20 28
20 29
20 30
20 31
20 34
20 631
20 632
20 633
20 634
20 635
20 636
20 637
20 762
20 826
20 945
20 946
20 948
21 22
21 34
21 631
21 633
21 637
21 762
22 106
22 23
22 27
22 30
23 30
23 32
24 25
24 28
24 30
24 31
24 33
24 35
24 634
24 635
24 636
24 947
24 948
25 1116
25 1187
25 1261
25 30
25 33
25 35
25 635
26 1187
26 30
26 632
26 634
26 636
27 30
28 1247
28 30
28 31
28 33
28 35
28 54
28 586
28 853
29 105
29 30
30 106
30 31
30 32
30 33
30 34
30 35
30 634
30 635
30 636
30 762
30 948
31 1191
33 35
34 762
36 37
36 38
36 39
36 40
36 41
36 42
36 43
36 44
36 45
36 46
36 47
36 48
36 49
36 50
36 51
36 52
36 53
36 54
37 102
37 275
37 280
37 282
37 287
37 434
37 435
37 436
37 437
37 438
37 439
37 45
37 49
37 52
37 80
37 97
37 99
37 100
38 276
38 277
38 279
38 284
38 285
38 288
38 39
38 40
38 41
38 42
38 44
38 432
38 435
38 436
38 439
38 471
38 472
38 474
38 480
38 481
38 51
38 52
38 572
38 573
38 574
38 575
38 576
38 577
38 578
38 579
38 580
38 80
39 262
39 267
39 276
39 277
39 278
39 279
39 283
39 284
39 285
39 288
39 40
39 41
39 42
39 43
39 44
39 432
39 435
39 439
39 45
39 47
39 473
39 474
39 481
39 51
39 54
39 572
39 577
39 578
39 579
39 750
39 751
39 752
39 753
39 754
40 277
40 41
40 43
40 435
40 472
40 473
40 474
40 481
40 51
40 52
40 54
40 576
40 578
40 579
40 830
40 831
41 1020
41 276
41 277
41 278
41 279
41 284
41 288
41 42
41 44
41 435
41 436
41 471
41 472
41 473
41 474
41 480
41 481
41 51
41 54
41 576
41 577
41 578
41 579
41 753
42 1044
42 1045
42 278
42 281
42 285
42 44
42 432
42 436
42 439
42 471
42 49
42 481
42 51
42 52
42 54
42 545
42 578
42 579
42 580
42 786
42 80
43 213
43 221
43 282
43 410
43 446
43 578
44 1020
44 1251
44 281
44 430
44 432
44 436
44 439
44 45
44 472
44 474
44 480
44 52
44 545
44 576
44 577
44 580
44 713
44 753
44 785
44 786
44 787
44 813
45 1020
45 282
45 284
45 287
45 288
45 432
45 436
45 439
45 472
45 473
45 51
45 52
45 54
45 576
45 578
45 579
45 97
46 47
46 711
46 760
46 811
46 916
46 917
46 918
47 439
47 710
47 711
47 760
47 811
47 916
47 917
47 918
48 266
48 357
48 358
48 359
48 50
48 53
48 848
49 285
49 437
49 439
49 481
50 358
50 359
50 53
51 432
51 439
51 52
55 56
55 57
55 58
55 59
55 60
55 61
55 62
55 63
55 64
55 65
55 66
55 67
55 68
55 69
55 70
55 71
55 72
55 73
56 269
56 270
56 271
56 272
56 58
56 59
56 60
56 61
56 63
56 64
56 65
56 66
56 67
56 68
56 69
56 70
56 71
56 72
56 73
57 270
57 271
57 272
57 308
57 58
57 60
57 61
57 62
57 63
57 64
57 65
57 67
57 68
57 69
57 70
57 71
57 72
57 73
58 59
58 60
58 61
58 62
58 63
58 64
58 65
58 66
58 67
58 68
58 70
58 71
58 72
58 73
59 272
59 60
59 61
59 63
59 64
59 65
59 66
59 67
59 68
59 69
59 70
59 71
59 72
59 73
60 380
60 61
60 62
60 63
60 64
60 65
60 66
60 67
60 68
60 69
60 70
60 71
60 72
60 73
61 63
61 64
61 65
61 66
61 67
61 68
61 69
61 70
61 71
61 72
61 73
62 272
62 308
62 63
62 67
62 68
62 69
62 70
62 71
62 72
62 73
63 204
63 272
63 377
63 380
63 64
63 65
63 66
63 67
63 68
63 69
63 70
63 71
63 72
63 73
64 65
64 66
64 67
64 68
64 69
64 70
64 71
64 72
64 73
65 272
65 66
65 67
65 68
65 70
65 71
65 72
65 73
66 272
66 67
66 68
66 69
66 70
66 71
66 72
66 73
67 272
67 68
67 69
67 70
67 71
67 72
67 73
68 272
68 69
68 70
68 71
68 72
68 73
69 272
69 70
69 71
69 72
69 73
70 377
70 71
70 72
70 73
71 72
71 73
72 73
74 75
74 76
74 77
74 78
74 79
74 80
74 81
74 82
74 83
74 84
74 85
74 86
74 87
75 398
75 425
75 426
75 427
75 428
75 429
75 430
75 431
75 432
75 79
76 260
76 267
76 437
76 574
76 585
76 586
76 79
76 81
76 82
76 85
76 86
76 87
77 81
77 82
77 813
77 814
77 85
77 86
77 856
77 857
77 87
77 901
78 288
79 1121
79 1122
79 1204
79 1213
79 399
79 403
79 428
79 586
79 81
79 85
79 87
80 350
80 432
80 54
80 786
80 82
80 85
81 1251
81 437
81 82
81 84
81 85
81 86
81 87
82 267
82 350
82 574
82 575
82 85
82 86
82 87
83 580
83 786
84 1321
84 814
84 85
84 86
84 87
84 922
85 339
85 585
85 814
85 837
85 86
85 857
85 87
86 814
86 87
87 756
88 89
88 90
88 91
88 92
88 93
89 362
89 406
89 820
90 446
91 1320
91 215
91 216
91 218
91 219
91 220
91 222
91 223
91 362
91 401
91 402
91 407
91 722
91 820
91 92
91 93
92 1275
92 1343
92 93
93 1121
93 1221
93 215
93 220
93 222
94 86
94 95
94 96
94 97
94 98
95 96
95 97
96 98
97 287
97 288
97 54
97 98
99 102
99 1012
99 1063
99 1064
99 602
99 663
99 664
99 666
99 667
99 100
100 102
100 1064
100 664
103 13
103 15
103 18
103 30
103 34
103 630
103 631
103 634
103 637
103 761
103 762
103 9
104 106
104 19
104 25
104 30
104 31
104 33
104 629
104 632
104 635
104 947
104 948
105 106
107 108
107 109
107 110
107 111
107 112
107 113
107 114
107 115
107 116
107 117
107 118
107 119
107 120
107 121
107 122
107 123
107 124
107 125
107 126
107 127
107 128
107 129
107 130
107 131
107 132
107 133
108 109
108 110
108 111
108 112
108 113
108 114
108 115
108 116
108 117
108 118
108 119
108 120
108 121
108 122
108 123
108 124
108 125
108 126
108 127
108 128
108 129
108 130
108 131
108 132
108 133
108 433
109 110
109 111
109 112
109 113
109 114
109 115
109 116
109 117
109 118
109 119
109 120
109 121
109 122
109 123
109 124
109 125
109 126
109 127
109 128
109 129
109 130
109 131
109 132
109 133
109 433
110 111
110 112
110 113
110 114
110 115
110 116
110 117
110 118
110 119
110 120
110 121
110 122
110 123
110 124
110 125
110 126
110 127
110 128
110 129
110 130
110 131
110 132
110 133
110 692
110 693
111 112
111 113
111 114
111 115
111 116
111 117
111 118
111 119
111 120
111 121
111 122
111 123
111 124
111 125
111 126
111 127
111 128
111 129
111 130
111 131
111 132
111 133
111 433
111 692
111 693
112 113
112 114
112 115
112 116
112 117
112 118
112 119
112 120
112 121
112 122
112 123
112 124
112 125
112 126
112 127
112 128
112 129
112 130
112 131
112 132
112 133
112 692
112 693
113 114
113 115
113 116
113 117
113 118
113 119
113 120
113 121
113 122
113 123
113 124
113 125
113 126
113 127
113 128
113 129
113 130
113 131
113 132
113 133
113 433
113 692
114 1006
114 1008
114 1088
114 1089
114 1090
114 1091
114 115
114 117
114 119
114 121
114 123
114 124
114 125
114 126
114 127
114 129
114 131
114 132
114 133
114 241
114 347
114 433
114 740
115 116
115 117
115 118
115 119
115 120
115 121
115 122
115 123
115 124
115 125
115 126
115 127
115 128
115 129
115 130
115 131
115 132
115 133
115 433
116 117
116 118
116 120
116 121
116 122
116 123
116 124
116 125
116 126
116 127
116 128
116 129
116 130
116 131
116 132
116 133
116 692
116 693
117 118
117 119
117 120
117 121
117 122
117 123
117 124
117 125
117 126
117 127
117 128
117 129
117 130
117 131
117 132
117 133
117 692
117 693
118 120
118 121
118 122
118 123
118 124
118 125
118 126
118 127
118 128
118 129
118 130
118 131
118 132
118 133
118 869
119 121
119 123
119 124
119 125
119 126
119 127
119 129
119 131
119 132
119 133
119 433
120 121
120 122
120 123
120 124
120 125
120 126
120 127
120 128
120 129
120 130
120 131
120 132
120 133
120 433
120 692
121 122
121 123
121 124
121 125
121 126
121 127
121 128
121 129
121 130
121 131
121 132
121 133
121 433
121 692
122 123
122 124
122 125
122 126
122 127
122 128
122 129
122 130
122 131
122 132
122 133
123 124
123 125
123 126
123 127
123 128
123 129
123 130
123 131
123 132
123 133
123 433
124 125
124 126
124 127
124 128
124 129
124 130
124 131
124 132
124 133
124 433
125 126
125 127
125 128
125 129
125 130
125 131
125 132
125 133
125 692
125 693
126 127
126 128
126 129
126 130
126 131
126 132
126 133
126 433
127 128
127 129
127 130
127 131
127 132
127 133
127 433
128 129
128 130
128 131
128 132
128 133
129 130
129 131
129 132
129 133
130 131
130 132
130 133
131 132
131 133
132 133
134 135
134 136
134 137
134 138
134 139
134 140
134 141
134 142
134 143
134 144
134 145
134 146
134 147
134 148
134 149
135 139
135 140
135 143
135 144
135 145
135 148
135 149
135 588
135 757
135 758
135 759
135 760
136 139
136 143
136 147
136 149
136 479
136 758
136 829
137 139
137 140
137 143
137 144
137 145
137 148
137 149
137 765
137 909
138 139
138 140
138 143
138 144
138 145
138 148
138 149
138 363
138 559
138 879
139 1010
139 1051
139 1101
139 140
139 141
139 142
139 143
139 144
139 145
139 146
139 148
139 149
139 734
140 141
140 143
140 144
140 145
140 146
140 148
140 149
141 143
141 144
141 145
141 148
141 149
141 789
142 1212
142 143
142 149
143 1051
143 144
143 145
143 146
143 148
143 149
144 145
144 146
144 148
144 149
145 146
145 148
145 149
145 652
146 1050
146 1051
146 148
146 149
147 674
147 922
147 954
147 956
147 957
148 1139
148 149
150 151
150 152
150 153
150 154
150 155
150 156
150 157
150 158
150 159
150 160
150 161
150 162
150 163
150 164
150 165
150 166
150 167
150 168
150 169
150 170
150 171
150 172
150 173
150 174
150 175
150 176
150 177
150 178
150 179
150 180
150 181
150 182
150 183
150 184
150 185
150 186
151 152
151 153
151 154
151 155
151 156
151 157
151 158
151 159
151 160
151 162
151 163
151 164
151 165
151 166
151 167
151 168
151 169
151 170
151 171
151 172
151 173
151 174
151 175
151 176
151 177
151 179
151 180
151 181
151 182
151 183
151 184
151 185
151 186
152 153
152 154
152 155
152 156
152 157
152 158
152 159
152 160
152 161
152 162
152 163
152 164
152 165
152 166
152 167
152 168
152 169
152 170
152 171
152 172
152 173
152 174
152 175
152 176
152 177
152 178
152 179
152 180
152 181
152 182
152 183
152 184
152 185
152 186
152 249
152 439
152 440
153 156
153 157
153 158
153 159
153 160
153 162
153 163
153 164
153 165
153 166
153 167
153 168
153 169
153 170
153 171
153 172
153 173
153 174
153 175
153 176
153 177
153 179
153 180
153 181
153 182
153 183
153 184
153 185
153 186
153 351
153 584
154 155
154 157
154 159
154 160
154 161
154 162
154 163
154 164
154 165
154 167
154 168
154 169
154 170
154 171
154 172
154 173
154 174
154 175
154 176
154 177
154 178
154 179
154 181
154 182
154 183
154 185
154 186
155 157
155 159
155 160
155 161
155 162
155 164
155 165
155 169
155 170
155 171
155 172
155 173
155 175
155 176
155 177
155 180
155 182
155 183
155 185
155 186
155 875
156 157
156 159
156 160
156 161
156 162
156 163
156 164
156 165
156 167
156 168
156 169
156 170
156 171
156 172
156 174
156 175
156 176
156 177
156 179
156 180
156 181
156 182
156 183
156 184
156 185
156 186
156 249
156 351
156 440
156 740
157 158
157 159
157 160
157 161
157 162
157 163
157 164
157 165
157 166
157 167
157 168
157 169
157 170
157 171
157 172
157 173
157 174
157 175
157 176
157 177
157 178
157 179
157 180
157 181
157 182
157 183
157 184
157 185
157 186
158 1052
158 160
158 162
158 164
158 166
158 167
158 169
158 171
158 173
158 175
158 176
158 180
158 183
158 185
158 186
159 160
159 161
159 162
159 163
159 164
159 165
159 167
159 168
159 169
159 170
159 171
159 172
159 173
159 174
159 175
159 176
159 177
159 179
159 180
159 181
159 182
159 183
159 185
159 186
159 826
160 162
160 163
160 164
160 165
160 166
160 167
160 168
160 169
160 170
160 171
160 172
160 173
160 174
160 175
160 176
160 177
160 179
160 180
160 181
160 182
160 183
160 184
160 185
160 186
161 163
161 165
161 167
161 169
161 174
161 178
161 179
161 180
161 181
161 182
161 184
161 185
161 249
161 439
161 440
161 813
162 163
162 164
162 165
162 167
162 168
162 169
162 170
162 171
162 172
162 173
162 174
162 175
162 176
162 177
162 178
162 179
162 180
162 181
162 182
162 183
162 185
162 186
162 875
163 164
163 165
163 167
163 168
163 169
163 171
163 172
163 174
163 175
163 176
163 177
163 178
163 179
163 181
163 182
163 183
163 184
163 185
163 186
163 351
163 422
163 787
164 165
164 167
164 168
164 169
164 170
164 171
164 172
164 173
164 174
164 175
164 176
164 177
164 179
164 180
164 181
164 182
164 183
164 184
164 185
164 186
164 249
165 167
165 168
165 169
165 170
165 171
165 172
165 173
165 174
165 175
165 176
165 177
165 179
165 180
165 181
165 182
165 183
165 184
165 185
165 186
166 167
166 171
166 173
166 175
166 176
166 180
166 185
166 186
167 1249
167 168
167 169
167 170
167 171
167 172
167 174
167 175
167 176
167 177
167 178
167 179
167 180
167 181
167 182
167 183
167 184
167 185
167 186
167 249
167 348
168 169
168 170
168 171
168 172
168 173
168 174
168 175
168 176
168 177
168 179
168 181
168 182
168 183
168 184
168 185
168 186
168 351
169 170
169 171
169 173
169 174
169 175
169 176
169 177
169 178
169 179
169 180
169 181
169 182
169 183
169 184
169 185
169 186
169 249
170 171
170 172
170 173
170 174
170 175
170 176
170 177
170 179
170 180
170 182
170 183
170 184
170 185
170 186
171 172
171 173
171 174
171 175
171 176
171 177
171 178
171 179
171 180
171 181
171 182
171 183
171 184
171 185
171 186
172 173
172 174
172 175
172 176
172 177
172 179
172 181
172 182
172 183
172 184
172 185
172 186
173 175
173 176
173 177
173 179
173 180
173 182
173 183
173 185
173 186
174 175
174 177
174 178
174 179
174 181
174 182
174 183
174 184
174 185
174 186
175 176
175 177
175 178
175 179
175 180
175 181
175 182
175 183
175 185
175 186
176 177
176 179
176 180
176 181
176 182
176 183
176 184
176 185
176 186
177 178
177 179
177 181
177 182
177 183
177 184
177 185
177 186
178 181
178 183
178 787
179 180
179 181
179 182
179 183
179 184
179 185
179 186
180 182
180 183
180 184
180 185
180 186
181 182
181 183
181 184
181 185
181 186
181 351
181 787
182 183
182 184
182 185
182 186
183 185
183 186
184 185
184 186
185 186
187 188
188 246
188 247
189 190
189 191
189 192
190 191
190 192
191 192
193 194
193 195
193 97
194 195
194 420
194 421
194 422
194 423
194 672
194 97
195 421
195 422
196 197
197 1016
197 356
197 376
197 597
197 655
197 953
197 954
197 957
198 199
198 200
198 201
198 202
198 203
198 204
198 205
198 206
199 200
199 201
199 204
199 205
199 340
199 341
199 342
199 343
200 201
200 204
200 205
200 206
200 341
200 342
200 343
200 371
200 372
200 376
200 62
201 204
201 206
201 308
201 341
201 342
201 343
201 356
201 371
201 372
201 373
201 374
201 375
201 378
201 379
201 392
202 1106
202 1193
202 206
202 517
202 519
202 522
202 523
202 951
202 953
203 1198
203 1305
203 737
204 1114
204 1319
204 205
204 206
204 272
204 308
204 342
204 343
204 374
204 375
204 377
204 378
204 379
204 392
204 593
204 68
204 70
205 206
205 343
205 379
207 208
207 209
207 210
207 211
207 212
207 213
207 214
207 215
207 216
207 217
207 218
207 219
207 220
207 221
207 222
207 223
207 91
208 210
208 213
208 217
208 219
208 221
208 222
208 361
208 396
208 398
208 399
208 400
208 401
208 402
208 404
208 405
208 407
208 408
208 410
208 412
208 43
208 446
209 213
209 222
209 223
209 396
209 400
209 407
209 408
209 91
210 211
210 212
210 213
210 215
210 216
210 217
210 219
210 220
210 221
210 222
210 223
210 361
210 362
210 395
210 397
210 399
210 400
210 401
210 402
210 404
210 406
210 407
210 408
210 409
210 410
210 411
210 699
210 700
210 701
210 702
210 703
210 91
211 160
211 175
211 213
211 215
211 217
211 218
211 219
211 220
211 221
211 222
211 223
211 396
211 397
211 399
211 400
211 401
211 402
211 404
211 405
211 407
211 408
211 409
211 412
211 426
211 701
211 707
211 816
211 817
211 818
211 819
211 820
211 821
211 91
212 213
212 215
212 219
212 220
212 221
212 222
212 362
212 396
212 398
212 399
212 402
212 404
212 408
212 410
212 412
212 426
212 91
213 1092
213 217
213 221
213 222
213 400
213 402
213 404
213 405
213 406
213 407
213 408
213 409
213 410
213 412
213 446
213 820
214 221
214 402
214 820
214 93
215 216
215 217
215 218
215 219
215 220
215 222
215 223
215 701
215 722
216 217
216 218
216 219
216 220
216 222
216 223
216 407
216 408
217 219
217 220
217 221
217 222
217 223
217 407
217 408
217 412
217 819
217 820
218 220
218 223
219 1320
219 221
219 222
219 408
219 409
219 410
219 412
219 580
219 714
220 222
220 223
220 714
221 222
221 410
221 412
222 223
224 225
224 226
224 227
224 228
224 229
224 230
224 231
224 232
224 233
224 234
224 235
224 236
224 237
224 238
224 239
224 240
224 241
225 226
225 228
225 229
225 231
225 232
225 238
225 239
225 240
225 241
225 266
225 322
225 355
225 356
225 382
225 383
225 384
225 385
225 386
226 227
226 228
226 229
226 230
226 231
226 238
226 239
226 240
226 517
226 518
226 519
226 520
226 521
226 522
226 523
226 524
227 228
227 229
227 230
227 231
227 234
227 235
227 238
227 239
227 240
227 517
227 518
227 531
228 229
228 230
228 231
228 235
228 238
228 239
228 240
228 517
228 518
228 531
229 230
229 231
229 235
229 238
229 239
229 240
229 356
229 517
229 518
230 231
230 234
230 238
230 239
230 240
230 384
230 518
231 1010
231 234
231 235
231 238
231 239
231 240
231 355
231 356
231 531
231 679
231 682
231 683
231 966
232 1325
232 1326
232 238
232 241
232 385
232 386
232 683
232 965
233 1040
233 1041
233 1042
233 245
233 655
233 783
234 522
235 238
235 239
235 240
235 531
236 1346
236 238
237 238
237 241
237 322
237 872
237 873
238 239
238 240
238 241
238 531
239 240
239 531
242 188
242 243
242 244
242 245
242 246
242 247
243 244
243 247
243 363
243 364
243 365
243 366
243 367
244 1224
244 245
244 246
244 247
244 852
245 1040
245 1041
245 1042
245 246
245 247
245 97
246 1361
246 247
247 1361
248 111
248 121
248 126
248 129
248 249
248 85
249 180
249 184
249 185
250 251
250 252
250 253
250 254
250 255
250 256
251 1098
251 1099
251 1100
251 1236
251 1237
251 1238
251 1239
251 1240
251 1241
251 1242
251 252
251 253
251 254
251 255
251 510
252 1237
252 1238
252 1239
252 1240
252 1241
252 1242
252 1280
252 1304
252 1332
252 253
252 254
252 255
252 256
253 1237
253 1238
253 1239
253 1240
253 1241
253 1242
253 1280
253 1304
253 255
253 486
253 488
254 1239
254 1241
254 1242
254 1304
254 255
255 1241
255 1242
255 256
256 1242
257 258
257 259
257 260
257 261
257 262
257 263
257 264
257 265
257 266
257 267
257 268
257 39
257 50
257 76
257 82
258 262
258 264
258 265
258 267
258 382
258 755
258 756
258 87
259 241
259 261
259 262
259 263
259 265
259 267
259 268
259 295
259 774
260 221
260 265
260 267
260 573
260 586
260 712
260 77
260 79
260 81
260 82
260 813
260 814
260 837
260 85
260 86
260 856
260 857
260 87
261 241
261 262
261 265
261 267
261 268
261 774
262 263
262 265
262 266
262 267
262 268
262 359
262 756
263 1352
263 1353
263 265
263 267
263 268
263 774
264 265
264 267
264 755
264 756
264 87
265 266
265 267
265 268
265 359
265 50
265 756
265 806
265 848
266 356
266 357
266 358
266 359
266 50
266 53
267 268
267 755
267 756
267 87
269 59
269 66
269 67
269 68
269 70
270 58
270 59
270 60
270 61
270 62
270 63
270 66
270 67
270 68
270 70
270 71
270 73
271 59
271 60
271 61
271 63
271 64
271 66
271 67
271 68
271 70
271 71
271 72
272 308
272 378
272 380
272 523
272 70
272 985
273 274
273 275
273 276
273 277
273 278
273 279
273 280
273 281
273 282
273 283
273 284
273 285
273 286
273 287
273 288
273 38
273 39
273 41
273 42
273 44
273 45
273 52
273 97
274 276
274 277
274 279
274 284
274 285
274 288
274 38
274 39
274 41
274 42
274 44
274 435
274 474
274 480
274 481
274 52
274 54
275 276
275 280
275 282
275 284
275 287
275 288
275 45
275 52
275 54
275 576
275 734
275 851
275 97
276 282
276 283
276 284
276 285
276 286
276 288
276 45
276 480
276 52
276 54
277 1020
277 278
277 279
277 284
277 285
277 288
277 43
277 44
277 432
277 436
277 439
277 45
277 471
277 472
277 474
277 480
277 481
277 51
277 52
277 577
277 578
277 579
277 754
278 285
278 44
278 45
278 481
278 51
278 52
278 54
278 576
279 285
279 288
279 44
279 45
279 474
279 480
279 481
279 51
279 52
279 576
279 578
280 282
280 287
280 288
280 45
280 54
280 576
280 97
281 432
281 545
281 580
282 284
282 287
282 288
282 52
282 54
282 97
283 284
283 285
283 288
284 285
284 286
284 288
284 432
284 480
284 52
284 736
285 288
285 481
285 54
285 577
285 579
286 52
287 288
287 54
289 251
289 290
289 291
289 292
289 293
289 294
289 295
289 296
289 297
290 502
290 503
290 504
290 505
290 506
290 507
290 508
290 509
290 510
291 1097
291 1098
291 1099
291 1100
291 251
291 293
291 510
292 1114
292 294
292 295
293 1098
293 1099
293 1100
293 251
293 510
294 1114
294 295
295 296
295 736
296 510
296 743
296 744
296 745
298 299
298 300
298 301
298 302
298 303
299 140
299 217
299 260
299 428
299 568
299 721
299 722
299 84
300 768
300 997
300 998
300 999
300 1000
301 1051
301 1102
301 1106
301 1132
301 1133
301 1134
301 1135
301 142
301 149
301 475
301 568
301 817
301 881
302 1039
302 303
302 768
304 305
304 306
304 307
305 306
305 307
306 307
306 483
308 377
308 378
308 380
309 139
309 310
309 311
309 312
309 313
309 314
309 315
309 316
309 317
309 318
309 319
309 320
309 321
309 322
310 475
310 476
310 477
310 478
310 479
311 301
311 302
311 593
312 542
312 543
312 544
312 546
313 1107
313 1108
313 314
313 316
313 317
313 320
313 321
313 322
313 438
314 1106
314 1111
314 1112
314 1113
314 316
314 321
314 322
314 461
314 465
314 469
314 678
314 681
314 682
314 683
315 1106
316 1107
316 1108
316 317
316 320
316 321
316 322
316 438
316 444
317 320
317 321
317 322
317 438
317 444
319 680
319 681
319 683
320 1106
320 321
320 322
320 469
320 681
320 682
320 683
321 322
322 683
323 324
323 325
323 326
323 327
323 328
323 329
323 330
323 331
323 332
324 1001
324 1002
324 1003
324 1004
324 325
324 326
324 327
324 328
324 329
324 330
324 331
324 332
324 561
324 571
324 766
325 1001
325 1002
325 1003
325 1004
325 1059
325 1060
325 326
325 327
325 329
325 330
325 331
325 332
325 415
325 566
325 570
325 571
325 769
325 770
326 1001
326 1002
326 1003
326 1004
326 327
326 328
326 329
326 330
326 331
326 332
326 571
327 1001
327 1002
327 1003
327 1004
327 328
327 329
327 330
327 331
327 332
327 571
327 770
328 1001
328 329
328 330
328 331
328 332
329 1003
329 331
329 332
329 571
329 810
329 812
330 1002
330 1003
330 1004
330 331
330 332
331 1002
331 1003
331 1004
331 332
332 1003
332 1004
333 334
333 335
333 336
333 337
333 338
333 339
334 335
334 336
334 337
334 627
335 336
335 337
335 338
335 339
336 337
336 338
336 339
337 338
337 339
339 1256
339 853
339 87
340 200
340 201
340 204
340 271
340 341
340 342
340 343
340 368
340 369
340 370
340 371
340 372
340 373
340 374
340 375
340 376
340 377
340 378
340 379
340 380
340 381
340 62
341 204
341 205
341 342
341 343
341 379
342 343
343 308
343 377
343 379
343 380
344 345
344 346
344 347
344 348
344 349
344 350
344 351
345 346
345 348
345 381
345 426
345 637
346 1184
346 347
346 348
346 349
346 350
346 351
347 1008
347 1089
347 1090
347 337
347 339
347 348
347 350
348 1249
348 349
348 350
348 351
349 1271
349 1311
349 350
352 266
352 353
352 354
352 355
352 356
352 357
352 358
352 359
352 53
353 266
353 354
353 357
353 358
353 359
353 48
353 50
353 53
353 846
353 847
353 848
354 266
354 357
354 358
354 359
354 48
354 50
354 53
354 848
355 1267
355 241
355 266
355 386
355 912
356 238
356 872
357 358
357 53
358 359
358 53
359 53
360 361
360 362
361 1053
361 213
361 217
361 219
361 221
361 222
361 398
361 399
361 401
361 402
361 405
361 407
361 408
362 216
362 217
362 223
362 407
362 700
363 962
363 967
364 366
364 367
364 549
364 550
365 366
365 613
366 367
366 550
368 201
368 204
368 308
368 343
368 369
368 372
368 373
368 374
368 375
368 377
368 378
368 380
368 392
368 393
369 204
369 308
369 343
369 372
369 373
369 374
369 375
369 378
369 392
369 393
370 356
370 381
370 524
370 932
371 204
371 241
371 381
371 383
371 384
372 204
372 272
372 308
372 343
372 373
372 374
372 375
372 377
372 378
372 379
372 380
372 392
372 63
372 68
372 70
373 204
373 272
373 308
373 374
373 375
373 377
373 378
373 379
373 380
373 392
373 393
374 308
374 343
374 375
374 377
374 378
374 379
374 380
374 393
375 272
375 308
375 343
375 377
375 378
375 379
375 393
377 379
382 147
382 197
382 355
382 356
382 950
382 951
382 952
382 953
382 954
382 955
382 956
382 957
382 958
383 1218
383 230
383 232
383 237
383 238
383 355
383 356
383 357
383 384
383 519
383 524
383 661
383 957
383 966
384 232
384 237
384 238
384 241
384 355
384 356
384 385
384 966
385 1010
385 1325
385 238
385 266
385 355
385 380
385 912
385 967
386 1206
386 1326
387 388
387 389
387 390
387 391
388 389
388 390
388 391
388 581
388 845
389 215
389 390
389 391
389 581
389 772
389 849
389 850
390 330
390 391
391 1253
392 308
392 374
392 375
392 377
392 378
392 380
392 393
393 308
393 343
393 377
393 378
393 379
394 208
394 209
394 210
394 211
394 212
394 213
394 219
394 221
394 222
394 361
394 395
394 396
394 397
394 398
394 399
394 400
394 401
394 402
394 403
394 404
394 405
394 406
394 407
394 408
394 409
394 410
394 411
394 412
395 219
395 222
395 396
395 399
395 400
395 402
395 407
395 408
395 412
395 703
396 213
396 217
396 221
396 222
396 397
396 398
396 400
396 401
396 402
396 404
396 405
396 407
396 409
396 582
397 213
397 222
397 402
397 404
397 407
397 408
397 820
398 1214
398 217
398 221
398 399
398 400
398 410
398 412
398 446
398 701
398 722
398 852
399 1092
399 217
399 221
399 222
399 400
399 401
399 404
399 405
399 406
399 407
399 408
399 409
399 412
399 554
399 580
399 699
399 701
399 820
400 217
400 221
400 222
400 401
400 404
400 405
400 407
400 408
400 409
400 410
400 411
400 412
400 702
400 722
400 819
400 820
401 1092
401 216
401 217
401 404
401 406
401 407
401 408
401 410
402 1101
402 1215
402 215
402 216
402 217
402 219
402 220
402 221
402 222
402 223
402 407
402 408
402 409
402 410
402 412
403 1279
403 1280
403 407
403 408
403 410
404 216
404 219
404 221
404 405
404 407
404 408
404 411
404 701
404 703
404 820
405 219
405 222
405 407
405 408
406 219
406 407
406 408
406 411
406 820
407 219
407 221
407 222
407 223
407 408
407 409
407 410
407 411
407 412
407 446
407 580
407 701
407 703
407 714
407 722
408 221
408 409
408 410
408 411
408 412
408 446
408 703
409 222
410 412
410 446
410 714
410 722
412 446
413 414
413 415
413 416
414 1199
414 376
414 457
414 522
415 146
415 318
415 479
415 674
415 883
415 955
417 418
417 419
417 420
417 421
417 422
417 423
417 424
418 147
418 203
418 302
418 419
418 420
418 421
418 422
418 423
418 717
418 928
418 929
419 420
419 421
419 422
419 423
420 421
420 422
420 423
421 422
421 423
422 178
422 181
422 423
422 424
425 312
425 540
425 541
425 542
425 543
425 544
425 545
425 546
425 547
425 76
426 1092
426 169
426 217
426 221
426 399
426 401
426 409
426 412
426 431
426 554
426 699
426 739
426 742
427 1069
427 1136
427 1137
427 430
427 44
427 437
427 521
427 574
427 575
427 580
427 585
427 753
427 785
427 786
427 787
427 813
427 815
428 1121
428 1122
428 1141
428 1142
428 1205
428 1214
428 1215
428 1216
428 1217
428 145
428 403
428 701
428 702
428 714
428 722
429 1022
429 1177
429 1229
429 1232
429 20
429 34
429 437
429 630
429 713
429 826
429 827
430 1137
430 545
430 576
430 653
430 713
430 786
430 813
430 815
431 408
431 446
431 580
432 412
432 52
432 54
432 736
433 129
433 131
433 132
434 275
434 280
434 282
434 287
434 339
434 396
434 45
434 581
434 582
434 97
435 1020
435 277
435 278
435 279
435 282
435 412
435 436
435 439
435 45
435 46
435 47
435 471
435 472
435 473
435 474
435 480
435 49
435 481
435 51
435 52
435 54
435 575
435 576
435 578
435 579
435 711
436 49
436 481
436 51
436 52
437 787
437 87
438 1108
438 321
438 322
438 444
438 469
438 681
439 412
439 52
439 54
440 180
440 184
440 197
440 249
440 597
440 905
441 316
441 317
441 322
441 438
441 442
441 443
441 444
442 319
442 322
442 444
442 680
442 681
442 682
442 683
443 737
444 322
445 222
445 280
445 410
445 43
445 446
447 448
447 449
447 450
448 1363
448 246
448 449
448 450
449 450
451 376
451 414
451 452
451 453
451 454
451 455
451 456
451 457
452 197
452 375
452 376
452 393
452 453
452 454
452 455
452 723
453 1300
453 454
453 455
453 456
453 655
453 842
453 843
454 455
454 456
454 655
454 842
454 843
455 456
455 655
455 842
455 843
456 416
456 655
456 842
458 320
458 459
458 460
458 461
458 462
458 463
458 464
458 465
458 466
458 467
458 468
458 469
458 84
459 138
459 462
459 464
459 466
460 1065
460 1066
460 461
460 465
460 467
460 468
460 469
461 1065
461 1066
461 1106
461 1107
461 1112
461 1192
461 1193
461 202
461 320
461 463
461 465
461 467
461 468
461 469
462 464
462 466
463 1106
463 1113
463 465
464 466
465 1106
465 320
465 467
465 468
465 469
466 1260
466 912
467 1106
467 469
470 277
470 39
470 40
470 41
470 435
470 471
470 472
470 473
470 474
470 52
470 54
471 45
471 473
471 474
471 51
471 576
472 473
472 474
472 481
472 51
472 52
472 54
472 578
472 579
472 580
472 837
473 474
473 51
473 577
474 284
474 288
474 432
474 439
474 480
474 481
474 51
474 52
474 54
474 577
474 578
475 1028
475 1198
475 566
475 691
475 878
476 1038
476 415
477 1158
477 1159
477 1160
477 1227
477 1232
478 1104
479 674
480 481
480 51
480 52
480 54
481 432
481 439
481 51
481 54
481 580
481 713
482 306
482 307
482 483
483 307
484 253
484 485
484 486
484 487
484 488
484 489
485 486
485 487
485 488
485 489
486 488
486 489
487 488
488 489
490 491
490 492
490 493
490 494
490 495
490 496
490 497
490 498
490 499
490 500
491 495
491 500
491 501
492 493
492 494
492 496
492 497
492 498
492 499
492 500
493 477
493 494
493 496
493 497
493 498
493 499
493 500
494 496
494 497
494 498
494 499
494 500
495 500
496 497
496 498
496 499
496 500
497 498
497 499
497 500
498 499
498 500
499 500
501 583
502 504
502 505
502 506
502 508
502 510
503 509
504 505
504 506
504 508
504 510
505 506
505 508
505 510
506 508
506 510
507 887
508 510
510 650
511 512
511 513
511 514
511 515
511 516
512 513
512 514
512 515
512 516
513 514
513 515
513 516
514 515
514 516
515 516
517 1218
517 1228
517 230
517 231
517 234
517 238
517 240
517 518
517 519
517 520
517 521
517 523
517 524
518 231
518 235
518 238
518 239
518 240
518 531
519 1218
519 1228
519 520
519 521
519 522
519 523
519 524
520 1218
520 1228
520 521
520 522
520 523
520 524
521 1218
521 1228
521 272
521 522
521 523
521 524
522 1218
522 523
522 524
523 524
525 526
525 527
525 528
525 529
525 530
526 527
526 528
526 529
526 530
526 809
526 811
527 528
527 529
527 530
528 529
528 530
529 530
532 533
532 534
532 535
532 536
532 537
532 538
532 539
533 534
533 535
533 536
533 537
533 538
533 539
534 535
534 536
534 537
534 538
534 539
535 536
535 537
535 538
535 539
536 537
536 538
536 539
537 538
537 539
538 539
540 312
540 541
540 542
540 543
540 544
540 546
540 694
541 312
541 542
541 543
541 544
541 546
542 1252
542 543
542 544
542 546
543 544
543 546
544 546
545 786
548 364
548 366
548 367
548 549
548 550
549 366
549 367
549 550
550 367
551 552
551 553
551 554
551 555
551 556
552 553
552 555
552 749
553 1101
553 554
553 555
554 555
554 820
554 986
557 404
557 558
557 559
558 1106
558 149
558 571
559 673
559 714
560 561
560 562
560 563
560 564
560 565
560 566
560 567
560 568
560 569
560 570
560 571
561 1002
561 1003
561 1004
561 1058
561 1059
561 1060
561 1061
561 1062
561 326
561 332
561 562
561 563
561 564
561 565
561 566
561 567
561 569
561 570
561 571
561 767
561 769
561 770
561 979
561 980
561 981
561 982
562 1058
562 1059
562 1060
562 1061
562 1062
562 325
562 563
562 564
562 565
562 566
562 567
562 569
562 570
562 571
562 767
562 769
562 770
563 1059
563 1060
563 1061
563 1062
563 564
563 566
563 567
563 569
563 570
563 571
563 767
563 770
564 1059
564 1060
564 1061
564 1062
564 325
564 329
564 332
564 565
564 566
564 567
564 569
564 570
564 571
564 767
564 769
564 770
564 880
565 1003
565 1004
565 1060
565 1061
565 1062
565 566
565 567
565 569
565 570
565 571
565 767
565 769
565 770
566 1003
566 1061
566 1062
566 567
566 569
566 570
566 571
566 767
566 769
566 770
567 1061
567 1062
567 1370
567 569
567 570
567 571
567 770
569 1062
569 332
569 570
569 571
569 770
570 1062
570 332
570 571
570 883
571 1003
571 1004
571 1062
572 1022
572 28
572 277
572 287
572 410
572 42
572 44
572 435
572 481
572 52
572 54
572 79
573 43
573 430
573 44
573 474
573 481
573 52
573 54
573 580
573 82
574 432
574 787
575 430
575 432
575 481
575 51
575 54
575 786
575 880
576 282
576 287
576 473
576 480
576 49
576 481
576 51
576 578
576 97
577 481
578 481
578 51
578 52
578 54
578 579
579 481
579 653
580 410
580 412
580 714
580 786
581 1253
581 390
581 391
581 582
582 222
583 1161
583 663
584 156
584 163
584 168
584 172
584 181
584 184
584 365
584 613
584 614
584 897
584 898
584 899
585 787
587 588
587 589
587 590
587 591
588 589
588 591
589 591
592 311
592 593
594 595
594 596
594 597
595 1201
595 1229
595 1230
595 620
595 729
596 1229
596 1230
596 1281
596 287
596 524
596 597
596 826
598 507
598 599
598 600
598 601
598 602
598 603
598 604
598 605
598 606
598 607
598 608
598 609
599 600
599 601
599 602
599 605
599 638
599 639
599 640
600 601
600 605
600 608
600 639
600 640
601 526
601 527
601 528
601 529
601 530
601 602
601 605
601 608
601 638
601 639
601 640
601 821
602 1063
602 1101
602 1219
602 398
602 851
602 852
602 853
603 1260
603 507
603 604
603 606
603 607
603 886
604 507
604 606
604 607
604 648
604 887
605 608
605 821
606 507
606 607
606 810
606 812
606 887
607 1260
607 507
607 886
607 887
607 888
608 639
608 640
609 1164
610 365
610 611
610 612
610 613
610 614
611 319
611 612
611 614
611 680
612 614
612 899
615 616
615 617
615 618
615 619
615 620
616 617
616 618
616 619
616 620
617 618
617 619
617 620
618 619
618 620
619 620
621 622
621 623
621 624
621 625
621 626
622 398
622 602
622 623
622 624
622 625
622 626
622 851
622 852
622 853
623 1180
623 624
623 625
623 626
624 625
624 626
625 626
628 104
628 1115
628 1116
628 14
628 16
628 19
628 25
628 30
628 31
628 33
628 35
628 629
628 635
628 947
628 948
629 1116
629 1261
629 19
629 24
629 30
629 33
629 35
629 947
629 948
630 1083
630 1125
630 1126
630 1127
630 1177
630 1229
630 1247
630 19
630 20
630 21
630 30
630 34
630 586
630 633
630 634
630 636
630 637
630 731
630 732
630 762
630 805
630 806
630 826
631 1187
631 26
631 30
631 35
631 632
631 634
631 635
631 636
631 946
632 30
632 634
633 1281
633 34
633 636
633 637
633 732
633 762
633 806
634 636
635 33
635 35
635 948
636 33
636 34
636 35
637 1209
637 34
637 762
638 1190
639 640
639 821
641 642
642 908
642 910
642 911
643 607
643 644
643 645
643 646
643 647
643 648
643 649
643 650
643 651
643 652
643 653
644 645
644 646
644 650
644 960
645 510
645 646
645 650
645 960
646 650
646 960
647 405
647 92
647 93
648 433
648 652
649 1368
649 237
649 651
650 960
652 1250
654 655
655 783
655 843
656 293
657 658
657 659
657 660
657 661
657 662
657 663
657 664
657 665
657 666
657 667
657 668
658 659
658 664
658 665
658 666
658 667
658 668
658 775
659 1151
659 1152
659 664
659 665
659 666
659 667
659 668
660 1039
660 1110
660 1155
660 661
660 662
660 717
661 1077
661 1264
661 1265
661 1266
661 1268
661 1271
661 1311
661 349
661 662
663 1152
663 664
663 665
663 667
664 102
664 665
664 666
664 667
664 668
665 666
665 667
665 668
666 667
667 668
669 146
669 670
669 671
669 672
669 673
669 674
669 675
670 479
670 564
670 876
670 877
670 878
670 879
670 880
670 881
670 882
670 883
671 146
671 673
672 1258
676 319
676 322
676 442
676 677
676 678
676 679
676 680
676 681
676 682
676 683
677 1243
677 319
677 442
677 678
677 679
677 680
677 681
677 682
677 683
678 1243
678 320
678 322
678 442
678 679
678 681
678 682
678 683
679 1243
679 319
679 320
679 322
679 385
679 442
679 680
679 681
679 682
679 683
680 681
680 682
680 683
681 322
681 682
681 683
682 322
682 683
684 351
684 685
684 686
684 687
685 1215
685 1259
685 351
685 686
685 687
685 934
686 351
686 687
687 351
688 509
688 689
688 690
688 691
689 690
690 1150
690 787
692 128
692 129
692 130
692 132
692 1367
692 693
694 542
694 543
695 696
695 697
695 698
696 842
696 843
696 844
697 698
699 410
699 412
699 810
700 223
700 407
700 648
700 703
701 220
701 412
702 410
704 47
704 575
704 586
704 705
704 706
704 707
704 708
704 709
704 710
704 711
704 712
704 713
704 714
705 439
705 46
705 47
705 711
705 752
705 760
705 914
705 915
705 916
705 917
705 918
706 1120
706 1121
706 1122
706 575
706 585
706 648
706 707
706 708
706 712
706 730
706 80
706 815
706 826
706 837
707 217
707 404
707 407
707 412
707 428
707 580
707 708
707 79
707 93
708 1120
708 1121
708 1122
708 1260
708 487
708 568
708 575
708 648
708 730
708 815
708 826
709 710
709 712
710 1331
710 711
711 760
711 916
711 917
711 918
712 1121
712 1335
712 590
713 1372
713 432
713 54
713 786
713 787
715 507
715 716
715 717
716 937
716 938
716 939
716 940
716 941
716 942
717 1039
717 1305
717 775
717 927
718 719
718 720
719 276
719 479
721 428
723 1038
723 1224
723 144
723 19
723 429
723 437
723 46
723 454
723 47
723 711
723 827
723 898
724 725
724 726
725 1256
725 726
727 630
727 728
727 729
727 730
727 731
727 732
728 630
728 729
728 731
728 732
728 805
728 806
729 630
729 633
729 731
729 732
729 805
729 806
730 1045
730 648
730 712
730 731
730 732
730 815
731 732
732 236
733 432
733 443
733 734
733 735
733 736
733 737
734 1220
734 1221
734 1222
734 280
734 282
734 284
734 287
734 432
734 45
734 736
734 851
734 852
734 97
735 443
735 737
738 296
738 315
738 510
738 739
738 740
738 741
738 742
738 743
738 744
738 745
739 296
739 43
739 510
739 589
739 740
739 741
739 742
739 743
739 744
739 745
740 1008
740 1089
740 1090
740 1118
740 180
740 249
740 263
740 296
740 538
740 596
740 608
740 743
740 744
740 821
741 296
741 742
741 743
741 744
741 745
742 296
742 431
742 743
742 744
742 745
742 879
743 510
743 744
743 745
744 510
744 745
746 717
746 747
748 363
748 749
749 1068
750 285
750 41
750 427
750 44
750 481
750 51
750 580
750 753
750 784
750 785
750 786
750 787
751 46
751 47
751 705
751 711
751 752
751 760
751 811
751 913
751 914
751 915
751 916
751 917
751 918
752 46
752 47
752 711
752 760
752 914
752 915
752 916
752 917
752 918
753 283
753 285
753 481
753 578
753 786
753 815
754 285
754 49
755 756
757 1186
757 588
757 759
759 588
761 1124
761 1125
761 1126
761 1127
761 1201
761 15
761 18
761 20
761 34
761 630
761 637
761 732
761 762
763 203
763 325
763 326
763 332
763 561
763 562
763 563
763 564
763 565
763 566
763 567
763 570
763 571
763 576
763 764
763 765
763 766
763 767
763 768
763 769
763 770
764 1079
764 1080
764 1081
764 1082
764 1083
764 892
764 893
765 1023
765 1102
765 1103
765 1104
765 1105
765 1106
765 475
765 478
765 479
765 565
765 817
765 836
765 841
765 883
765 927
766 1002
766 1004
766 1061
766 329
766 331
766 566
766 569
766 570
766 571
766 770
767 1061
767 1062
767 569
767 570
767 571
767 769
768 570
769 1004
769 1061
769 1370
769 567
769 569
769 570
769 571
769 770
770 1003
770 570
770 571
771 528
771 772
771 773
772 1068
772 1138
772 552
772 749
772 849
772 850
773 861
774 268
776 233
776 655
776 777
776 778
776 779
776 780
776 781
776 782
776 783
777 778
777 779
777 780
777 782
777 854
777 855
778 779
778 780
778 781
778 782
779 266
779 780
779 781
779 782
780 1244
780 350
780 781
780 782
781 1244
781 1345
781 1346
781 782
784 427
784 430
784 44
784 706
784 753
784 754
784 785
784 786
784 787
784 813
784 814
784 815
785 430
785 753
785 786
785 787
785 815
786 586
786 653
786 787
787 815
788 789
790 791
790 792
790 793
790 794
790 795
790 796
790 797
790 798
790 799
790 800
791 792
791 793
791 794
791 795
791 796
791 797
791 798
791 799
791 800
792 793
792 794
792 795
792 796
792 797
792 798
792 799
792 800
793 794
793 795
793 796
793 797
793 798
793 799
793 800
794 672
794 795
794 796
794 797
794 798
794 799
794 800
795 796
795 797
795 798
795 799
795 800
796 797
796 798
796 799
796 800
797 798
797 799
797 800
798 799
798 800
799 800
801 114
801 119
801 121
801 124
801 131
801 132
801 728
801 729
801 802
801 803
801 804
801 805
801 806
802 241
802 325
802 493
802 772
802 808
802 809
802 810
802 811
802 812
803 728
803 729
803 804
803 805
803 806
804 728
804 729
804 805
804 806
805 1230
805 633
805 806
805 827
807 213
807 222
807 396
807 410
807 412
807 85
808 1044
808 1045
808 430
808 44
808 580
808 713
808 785
808 786
808 810
808 812
809 1025
809 1267
809 1270
809 519
809 529
809 633
809 728
809 811
809 812
809 836
809 927
810 812
811 633
811 68
811 760
811 812
811 918
813 787
813 814
813 815
816 1008
816 215
816 220
816 241
817 215
817 217
817 218
817 219
817 220
817 223
817 362
817 402
817 407
817 412
817 568
817 91
818 244
818 821
818 852
820 221
822 823
823 192
823 861
824 12
824 13
824 17
824 32
824 675
824 9
824 825
824 826
824 827
824 828
825 29
826 1126
826 1177
826 1247
826 34
826 433
826 586
826 648
826 827
827 1288
827 32
827 806
827 828
828 1288
828 32
828 675
830 426
830 554
830 831
830 986
832 78
832 833
832 834
832 835
832 836
832 837
832 838
833 1024
833 1025
833 809
833 811
833 812
833 834
833 835
833 836
834 1130
834 1131
834 415
834 479
834 674
834 809
834 811
834 835
834 836
835 836
835 838
836 1024
836 514
836 811
837 481
837 51
837 649
837 730
839 840
839 841
840 1046
841 691
842 655
842 843
842 844
843 844
845 376
845 390
845 391
845 581
846 354
846 359
846 48
846 50
846 848
847 354
847 357
847 358
847 359
847 48
847 50
847 53
847 848
848 266
848 357
848 358
848 359
848 50
848 53
849 1068
849 552
849 749
849 850
850 1091
850 173
851 1220
851 1222
851 1251
851 280
851 282
851 287
851 339
851 45
851 852
851 853
851 97
852 1137
852 1222
852 1320
852 853
854 1084
854 1128
854 1129
854 736
855 1050
855 1183
856 1009
856 1010
856 1023
856 430
856 648
857 813
857 814
858 192
858 755
858 773
858 823
858 859
858 860
858 861
859 1207
859 1208
859 1209
859 756
859 861
859 877
860 192
860 823
860 861
861 192
861 755
862 863
862 864
863 864
863 984
865 866
865 867
865 868
865 869
866 1084
866 1085
866 1086
866 854
866 867
866 869
867 809
867 869
867 898
868 32
868 650
868 828
870 237
870 871
870 872
870 873
872 873
874 860
875 1095
875 1096
875 1275
875 1276
875 164
875 170
875 176
875 177
875 182
876 1275
876 1276
876 877
876 882
877 1100
877 756
877 882
884 507
884 603
884 604
884 606
884 607
884 885
884 886
884 887
884 888
885 507
885 607
885 68
885 887
889 18
889 20
889 26
889 634
889 890
890 20
890 26
890 634
890 636
890 945
890 946
891 764
891 892
891 893
892 1022
892 1080
892 1081
892 1082
892 1083
892 893
893 1081
893 1082
893 1083
894 895
894 896
895 896
896 1182
896 1358
897 1253
897 1254
897 1255
897 1256
897 612
897 614
897 899
899 614
900 281
900 648
900 730
900 901
901 1024
901 1177
901 28
901 648
901 754
901 826
901 853
902 903
902 904
902 905
903 440
903 597
903 904
903 905
904 905
905 597
906 642
906 907
906 908
906 909
906 910
906 911
906 912
907 1019
907 642
907 908
907 909
907 910
907 911
908 337
908 339
908 385
908 910
908 911
908 912
909 1205
909 910
909 911
910 911
913 46
913 47
913 705
913 711
913 752
913 760
913 811
913 914
913 915
913 916
913 917
913 918
914 46
914 47
914 711
914 760
914 811
914 915
914 916
914 917
914 918
915 46
915 47
915 711
915 760
915 916
915 917
915 918
916 760
916 917
916 918
917 760
917 918
918 1371
918 760
919 873
919 920
919 921
919 922
919 923
919 924
920 873
920 921
920 923
920 924
921 873
921 923
921 924
922 1329
922 338
923 873
923 924
924 873
925 294
925 926
925 927
928 1040
928 1041
928 1042
928 20
928 233
928 245
928 30
929 420
930 770
930 931
932 1313
933 685
933 934
935 407
935 428
936 716
936 937
936 938
936 939
936 940
936 941
936 942
937 938
937 939
937 940
937 941
937 942
938 939
938 940
938 941
938 942
939 940
939 941
939 942
940 941
940 942
941 942
943 398
943 399
943 400
943 412
943 623
943 626
944 11
944 104
944 14
944 20
944 29
944 30
944 31
944 33
944 601
944 628
944 629
944 634
944 821
944 890
944 928
944 945
944 946
944 947
944 948
945 31
945 634
945 732
945 946
945 948
946 632
946 634
946 948
947 1116
947 30
947 33
947 35
947 635
947 948
948 33
948 35
949 929
950 1063
950 1139
950 147
950 148
950 383
950 951
950 952
950 953
950 954
950 956
950 957
951 147
951 197
951 952
951 953
951 954
951 956
951 957
952 1139
952 147
952 148
952 953
952 954
952 956
952 957
953 147
953 954
953 956
953 957
953 958
953 985
954 956
954 957
956 957
957 985
959 888
961 962
961 963
961 964
961 965
961 966
961 967
962 963
962 964
962 965
962 967
963 964
963 965
963 966
963 967
964 965
964 967
965 385
965 912
965 967
966 1010
968 966
968 969
969 1148
969 1324
969 966
970 971
970 972
970 973
970 974
971 1327
971 973
972 1296
972 1365
972 881
972 973
972 974
973 974
975 976
975 977
976 977
978 561
978 979
978 980
978 981
978 982
979 980
979 981
979 982
980 981
980 982
981 982
983 863
983 984
983 985
985 380
987 247
987 527
987 661
987 988
988 1264
988 1265
988 1266
988 1267
988 1268
988 1269
988 1270
988 1271
988 349
988 661
988 977
989 680
989 752
989 990
989 991
989 992
989 993
989 994
989 995
989 996
990 1202
990 991
990 992
990 993
990 994
990 995
990 996
991 1202
991 992
991 993
991 994
991 995
991 996
992 1202
992 993
992 995
992 996
993 1202
993 995
993 996
994 996
995 1202
995 996
997 1067
997 1068
997 749
997 772
997 810
997 849
997 850
999 1000
1001 1002
1001 329
1001 330
1001 331
1001 332
1001 571
1001 770
1002 1003
1002 1004
1002 332
1002 571
1003 1004
1005 1006
1005 1007
1005 1008
1005 1009
1005 1010
1005 241
1006 1007
1006 1008
1006 1009
1006 1010
1006 1089
1006 1090
1006 241
1006 82
1007 1008
1007 1009
1007 1010
1008 1089
1008 1090
1008 1091
1008 241
1009 1010
1009 1091
1009 303
1010 1091
1011 1012
1011 99
1013 1014
1013 1015
1013 1016
1013 1017
1013 1018
1013 272
1013 985
1014 1015
1014 1016
1014 1017
1014 1018
1014 197
1014 272
1014 380
1014 985
1015 1016
1015 1017
1015 1018
1015 266
1015 357
1015 358
1015 380
1015 48
1015 848
1015 985
1016 1017
1016 1018
1016 272
1016 380
1016 985
1017 1018
1017 985
1018 357
1018 848
1019 1296
1019 1297
1020 287
1020 412
1020 481
1020 51
1020 52
1020 54
1021 1022
1021 350
1021 49
1022 1083
1022 1177
1022 28
1022 806
1022 826
1022 893
1023 1198
1024 1025
1024 28
1024 585
1024 712
1024 811
1024 812
1024 853
1025 811
1025 812
1026 1027
1026 1028
1027 1181
1027 554
1027 986
1028 1034
1028 1286
1029 1030
1029 1031
1029 1032
1029 1033
1029 1034
1029 1035
1030 1031
1030 1032
1030 1033
1030 1034
1030 1035
1031 1032
1031 1033
1031 1034
1031 1035
1032 1033
1032 1034
1032 1035
1032 1314
1033 1034
1033 1035
1033 223
1034 1035
1036 1037
1036 1038
1036 1039
1036 640
1036 691
1036 742
1036 745
1037 1182
1037 614
1037 755
1038 640
1040 1041
1040 1042
1041 1042
1041 351
1043 453
1044 430
1044 579
1044 786
1044 87
1045 786
1046 843
1047 1048
1047 1049
1047 1050
1047 1051
1049 1050
1049 1258
1049 1357
1049 146
1049 650
1049 977
1051 149
1052 880
1053 405
1054 1055
1054 1056
1054 1057
1055 1056
1055 1057
1056 1057
1056 1257
1056 1258
1058 564
1058 565
1058 566
1058 567
1058 569
1058 570
1059 303
1059 565
1059 566
1059 567
1059 568
1059 569
1059 570
1059 571
1059 766
1059 767
1060 330
1060 332
1060 566
1060 567
1060 569
1060 570
1060 571
1060 766
1060 767
1060 769
1061 569
1061 570
1061 571
1063 1139
1063 1252
1063 148
1063 952
1064 1152
1064 664
1065 1066
1065 1106
1065 1192
1065 1193
1065 465
1065 467
1065 468
1065 469
1066 1106
1066 465
1066 467
1066 468
1066 469
1067 1051
1069 1136
1069 1167
1069 785
1069 787
1070 1071
1071 232
1072 1073
1072 1074
1072 1075
1072 1076
1072 1077
1073 1074
1073 1075
1073 1076
1073 1077
1074 1075
1074 1076
1074 1077
1075 1076
1075 1077
1075 1337
1076 1077
1077 1268
1078 595
1079 1210
1079 1211
1079 203
1079 479
1079 487
1079 717
1080 1081
1080 1082
1080 1083
1080 893
1081 1082
1081 1083
1082 1083
1085 1086
1087 1037
1087 611
1087 612
1087 614
1088 1008
1088 1089
1088 1090
1088 307
1088 414
1088 817
1088 878
1089 1090
1089 1091
1089 241
1090 1091
1090 241
1093 1094
1093 1095
1093 1096
1093 875
1094 1095
1094 1096
1094 875
1095 1096
1097 1098
1097 1099
1097 1100
1097 251
1097 293
1097 510
1098 1099
1098 1100
1098 717
1098 775
1098 927
1099 1100
1099 510
1100 756
1101 220
1102 1105
1102 558
1102 568
1102 712
1102 880
1103 717
1106 469
1107 1066
1107 1106
1107 1193
1107 317
1107 321
1107 322
1107 463
1107 465
1107 467
1107 469
1107 678
1107 679
1107 681
1107 683
1109 1110
1110 1231
1110 661
1110 662
1110 698
1111 1107
1111 1243
1111 319
1111 322
1111 442
1111 611
1111 677
1111 678
1111 679
1111 680
1111 681
1111 682
1111 683
1112 1065
1112 1066
1112 1106
1112 1192
1112 1193
1112 320
1112 438
1112 463
1112 465
1112 467
1112 469
1113 1106
1113 469
1113 703
1114 1319
1114 205
1115 1116
1115 25
1115 33
1115 35
1115 629
1115 948
1116 33
1116 35
1116 635
1116 948
1117 1118
1117 1119
1117 287
1117 32
1117 378
1117 589
1117 596
1117 828
1117 868
1118 1230
1118 1281
1118 232
1118 287
1118 524
1118 596
1123 1124
1123 1125
1123 1126
1123 1127
1123 15
1123 18
1123 20
1123 30
1123 34
1123 637
1123 761
1123 762
1124 1125
1124 1126
1124 1127
1124 18
1124 20
1124 21
1124 34
1124 630
1124 633
1124 637
1124 732
1124 762
1124 945
1125 1126
1125 1127
1125 34
1125 637
1125 762
1126 1127
1126 34
1126 633
1126 637
1126 762
1127 633
1127 637
1127 732
1127 762
1128 1129
1128 736
1129 736
1130 1272
1130 826
1132 1106
1132 479
1132 568
1133 1314
1133 149
1133 302
1133 607
1134 1286
1134 568
1134 691
1134 747
1136 1167
1136 1287
1136 1288
1136 1289
1136 785
1136 787
1138 1148
1138 849
1138 850
1140 1141
1140 1142
1140 145
1140 428
1140 652
1140 838
1141 145
1141 652
1141 838
1143 1144
1143 1145
1143 1146
1144 1145
1144 1146
1144 1312
1145 1146
1147 1138
1147 1148
1147 969
1149 1059
1149 1150
1149 690
1149 767
1149 770
1149 863
1149 864
1149 952
1151 192
1151 668
1151 823
1152 665
1152 666
1153 1154
1153 356
1155 1049
1155 1050
1155 479
1155 717
1156 1157
1156 1158
1156 1159
1156 1160
1156 477
1157 1158
1157 1159
1157 1160
1157 1227
1157 477
1158 1159
1158 1160
1158 1227
1158 1232
1158 1260
1159 1160
1159 1227
1159 1260
1159 955
1161 663
1162 863
1163 1164
1165 1166
1165 1167
1165 1168
1165 1169
1165 787
1166 1167
1166 1168
1166 1169
1167 1168
1167 1169
1167 787
1168 1169
1170 468
1171 1172
1171 297
1172 297
1173 287
1173 428
1174 1175
1174 149
1174 558
1175 95
1176 1177
1176 203
1176 735
1176 737
1177 1247
1177 648
1177 735
1177 737
1178 1046
1179 1180
1180 626
1181 1119
1182 101
1182 1303
1183 1050
1184 1314
1185 1186
1186 1142
1187 30
1187 33
1187 34
1187 35
1187 634
1187 636
1188 215
1188 216
1188 218
1188 219
1188 220
1188 222
1188 223
1188 362
1188 396
1188 407
1188 91
1189 1049
1189 464
1189 977
1192 1066
1192 1106
1192 463
1192 465
1192 469
1193 1066
1193 1106
1193 320
1193 438
1193 463
1193 465
1193 467
1193 469
1194 1195
1194 1196
1194 1197
1194 339
1194 837
1195 339
1195 838
1195 85
1195 86
1195 851
1195 853
1195 87
1196 1092
1196 1197
1196 1341
1196 755
1196 768
1197 1092
1197 1341
1197 755
1197 768
1199 457
1199 655
1200 286
1202 996
1203 1204
1203 1205
1203 1206
1203 429
1203 826
1204 1020
1204 1177
1204 1229
1204 1246
1204 1247
1204 287
1204 399
1204 412
1204 52
1204 826
1205 1206
1207 1224
1207 1278
1207 1279
1207 1280
1207 244
1208 1209
1210 910
1211 1340
1211 487
1213 775
1214 775
1215 287
1216 1372
1218 272
1218 523
1218 524
1220 1222
1220 1313
1220 852
1221 432
1223 237
1223 356
1223 649
1225 1226
1225 754
1227 1160
1228 1218
1228 272
1228 522
1228 523
1228 524
1229 1010
1229 1177
1229 633
1229 806
1230 806
1232 1159
1232 1160
1232 222
1232 826
1233 931
1234 249
1234 976
1235 1151
1235 192
1235 823
1236 1237
1236 1238
1236 1239
1236 1240
1236 1241
1236 1242
1236 1280
1236 1304
1236 252
1236 253
1236 254
1236 255
1237 1213
1237 1238
1237 1239
1237 1240
1237 1241
1237 1242
1237 1278
1237 1280
1237 1304
1237 254
1237 255
1238 1239
1238 1240
1238 1241
1238 1242
1238 1280
1238 1304
1238 254
1238 255
1239 1240
1239 1241
1239 1242
1239 255
1239 256
1240 1241
1240 1242
1240 1280
1240 255
1241 1242
1243 319
1243 322
1243 442
1243 680
1243 681
1243 682
1243 683
1244 350
1245 407
1245 410
1245 93
1246 810
1246 812
1247 54
1247 806
1248 1249
1248 1250
1249 1250
1249 350
1252 1331
1252 710
1253 1254
1253 614
1253 899
1254 1256
1254 612
1254 614
1254 899
1255 872
1255 899
1256 614
1256 726
1256 899
1257 1258
1257 1296
1257 1364
1257 1365
1258 1296
1258 1364
1258 1365
1258 972
1258 974
1259 1040
1259 1041
1259 1042
1259 233
1259 351
1261 1116
1261 28
1261 30
1261 31
1261 33
1261 35
1261 634
1262 283
1263 1141
1263 590
1264 1077
1264 1265
1264 1266
1264 1267
1264 1268
1264 1269
1264 1271
1264 1311
1264 349
1265 1266
1265 1267
1265 1268
1265 1269
1265 1271
1265 1311
1265 349
1266 1077
1266 1267
1266 1268
1266 1270
1266 1271
1266 1311
1266 349
1267 1269
1267 1270
1267 1271
1267 1311
1267 349
1268 1269
1268 1271
1268 1311
1268 349
1269 1271
1269 349
1270 1271
1270 1311
1270 349
1273 1274
1273 712
1274 446
1275 1276
1277 1207
1277 1278
1277 1279
1277 1280
1278 1224
1278 1240
1278 1242
1278 1279
1278 1280
1278 585
1279 1010
1280 1241
1280 1242
1280 1332
1280 255
1281 287
1281 886
1282 1256
1282 1283
1283 1256
1284 1134
1284 1135
1284 1285
1284 1286
1284 888
1285 1134
1285 1286
1285 1314
1285 888
1286 1135
1286 888
1287 1288
1287 1289
1287 1344
1287 827
1288 1289
1288 1305
1290 1291
1290 1292
1290 381
1293 197
1294 120
1294 121
1294 1295
1295 1039
1295 1304
1296 974
1298 1254
1298 614
1299 1064
1299 1300
1299 559
1300 1049
1300 1050
1300 456
1300 559
1300 649
1300 651
1301 1182
1301 1302
1301 1303
1302 1182
1302 1303
1304 1239
1304 1240
1304 1241
1304 1242
1304 1280
1304 255
1305 1317
1305 1369
1305 674
1306 1264
1306 1265
1306 1266
1306 1267
1306 1268
1306 1269
1306 1307
1306 1308
1306 1309
1306 1310
1306 1311
1306 231
1306 349
1306 661
1307 1308
1307 1309
1307 1310
1308 1309
1308 1310
1309 1310
1312 1039
1313 1222
1314 1034
1315 852
1316 1305
1316 1317
1316 166
1316 674
1318 1114
1318 1319
1318 204
1318 205
1318 379
1318 593
1320 410
1321 1328
1321 1329
1321 338
1321 922
1322 1121
1323 1324
1323 969
1325 984
1326 1206
1326 957
1328 1329
1328 338
1328 922
1329 338
1330 1082
1332 1121
1332 287
1332 412
1333 1164
1333 1334
1333 1335
1333 609
1334 1164
1334 1255
1334 1335
1334 1361
1334 609
1334 712
1335 1164
1335 609
1336 410
1336 580
1338 698
1339 768
1341 408
1341 703
1342 219
1342 703
1344 1289
1347 433
1348 886
1349 1150
1349 1350
1349 1351
1350 1150
1350 1351
1351 1150
1352 1353
1352 268
1352 774
1353 265
1353 268
1353 774
1354 288
1355 1356
1355 883
1359 673
1360 857
1362 1212
1362 570
1364 1296
1364 1365
1364 972
1365 1296
1365 974
1366 1201
1367 650
1373 1091
1373 538
