1	27
1	158
1	226
1	231
2	84
2	189
2	205
2	244
3	16
3	205
3	231
3	245
4	53
4	118
4	224
4	245
5	85
5	86
5	191
5	192
6	68
6	192
6	234
6	242
7	225
7	229
7	235
7	237
8	43
8	140
8	211
8	245
9	209
9	211
9	230
9	250
10	123
10	169
10	193
10	214
11	84
11	217
11	218
11	245
12	65
12	127
12	200
12	207
13	47
13	209
13	241
13	250
14	98
14	161
14	227
14	233
15	161
15	206
15	211
15	234
16	3
16	115
16	187
16	230
17	176
17	209
17	230
17	233
18	135
18	140
18	151
18	208
19	116
19	160
19	218
19	224
20	93
20	193
20	221
20	228
21	25
21	107
21	153
21	247
22	109
22	191
22	243
22	248
23	92
23	156
23	202
23	246
24	78
24	209
24	235
24	244
25	21
25	211
25	231
25	250
26	132
26	168
26	203
26	241
27	1
27	238
27	240
27	246
28	75
28	77
28	201
28	243
29	176
29	195
29	197
29	238
30	158
30	204
30	218
30	222
31	40
31	117
31	133
31	181
32	103
32	148
32	186
32	216
33	162
33	174
33	239
33	250
34	116
34	207
34	242
34	250
35	160
35	227
35	242
35	248
36	210
36	217
36	234
36	250
37	83
37	200
37	222
37	229
38	181
38	210
38	223
38	231
39	105
39	166
39	172
39	190
40	31
40	81
40	233
40	236
41	143
41	184
41	215
41	217
42	70
42	147
42	162
42	181
43	8
43	138
43	210
43	227
44	130
44	181
44	201
44	237
45	169
45	194
45	230
45	233
46	78
46	239
46	241
46	245
47	13
47	99
47	223
47	246
48	57
48	216
48	232
48	243
49	174
49	177
49	211
49	229
50	84
50	167
50	226
50	250
51	179
51	221
51	231
51	246
52	78
52	217
52	241
52	245
53	4
53	152
53	153
53	250
54	104
54	193
54	200
54	219
55	186
55	213
55	234
55	250
56	143
56	242
56	247
56	250
57	48
57	78
57	195
57	245
58	160
58	238
58	239
58	242
59	70
59	237
59	246
59	247
59	249
60	146
60	166
60	181
60	236
60	239
61	205
61	216
61	223
61	243
61	249
62	177
62	203
62	211
62	242
62	250
63	100
63	106
63	197
63	205
63	243
64	145
64	151
64	177
64	179
64	246
65	12
65	166
65	223
65	244
65	249
66	176
66	185
66	192
66	214
66	233
67	138
67	146
67	186
67	231
67	248
68	6
68	174
68	237
68	241
68	249
69	147
69	189
69	214
69	218
69	226
70	42
70	59
70	167
70	213
70	227
71	152
71	170
71	208
71	244
71	248
72	95
72	173
72	181
72	211
72	241
73	146
73	147
73	235
73	246
73	247
74	75
74	128
74	175
74	178
74	249
75	28
75	74
75	201
75	218
75	219
76	184
76	203
76	221
76	235
76	247
77	28
77	126
77	210
77	248
77	249
78	24
78	46
78	52
78	57
78	203
79	121
79	167
79	228
79	242
79	250
80	161
80	164
80	172
80	190
80	248
81	40
81	223
81	228
81	230
81	249
82	119
82	199
82	215
82	244
82	249
83	37
83	122
83	168
83	224
83	228
84	2
84	11
84	50
84	207
84	246
85	5
85	155
85	207
85	240
85	246
86	5
86	188
86	216
86	230
86	247
87	99
87	200
87	211
87	245
87	250
88	147
88	228
88	233
88	235
88	246
89	164
89	166
89	202
89	231
89	247
90	132
90	178
90	200
90	244
90	249
91	163
91	202
91	212
91	238
91	246
92	23
92	170
92	194
92	201
92	233
93	20
93	206
93	222
93	225
93	240
94	161
94	239
94	244
94	245
94	247
95	72
95	204
95	239
95	245
95	250
96	189
96	231
96	239
96	243
96	248
97	141
97	202
97	231
97	243
97	248
98	14
98	135
98	176
98	196
98	220
98	232
99	47
99	87
99	131
99	181
99	194
99	211
100	63
100	144
100	154
100	196
100	208
100	215
101	172
101	185
101	212
101	219
101	224
101	243
102	122
102	193
102	206
102	232
102	234
102	243
103	32
103	170
103	228
103	244
103	245
103	248
104	54
104	111
104	194
104	227
104	230
104	233
105	39
105	153
105	170
105	190
105	205
105	250
106	63
106	129
106	182
106	245
106	248
106	249
107	21
107	133
107	213
107	246
107	247
107	249
108	153
108	175
108	220
108	234
108	244
108	249
109	22
109	219
109	224
109	228
109	240
109	250
110	157
110	170
110	201
110	227
110	241
110	249
111	104
111	120
111	173
111	194
111	230
111	233
112	125
112	128
112	214
112	221
112	234
112	242
113	182
113	202
113	214
113	218
113	228
113	233
114	150
114	161
114	174
114	180
114	185
114	230
115	16
115	181
115	182
115	234
115	240
115	250
116	19
116	34
116	123
116	212
116	238
116	240
117	31
117	119
117	210
117	215
117	233
117	239
118	4
118	133
118	140
118	211
118	215
118	224
119	82
119	117
119	195
119	196
119	208
119	248
120	111
120	157
120	192
120	195
120	214
120	236
120	244
121	79
121	157
121	212
121	215
121	233
121	235
121	238
122	83
122	102
122	178
122	190
122	195
122	206
122	210
123	10
123	116
123	191
123	195
123	234
123	238
123	245
124	169
124	202
124	229
124	232
124	238
124	242
124	250
125	112
125	178
125	195
125	219
125	225
125	245
125	250
126	77
126	133
126	205
126	223
126	236
126	237
126	247
127	12
127	131
127	142
127	225
127	240
127	242
127	245
128	74
128	112
128	152
128	177
128	206
128	207
128	243
129	106
129	204
129	216
129	234
129	241
129	246
129	250
130	44
130	147
130	177
130	185
130	218
130	228
130	229
131	99
131	127
131	163
131	237
131	238
131	241
131	250
132	26
132	90
132	218
132	221
132	230
132	244
132	247
133	31
133	107
133	118
133	126
133	190
133	231
133	243
134	223
134	230
134	233
134	237
134	243
134	244
134	249
135	18
135	98
135	230
135	240
135	247
135	249
135	250
136	150
136	153
136	154
136	179
136	201
136	225
136	235
137	175
137	200
137	217
137	219
137	224
137	228
137	250
138	43
138	67
138	157
138	165
138	210
138	225
138	234
139	180
139	188
139	219
139	226
139	227
139	238
139	249
140	8
140	18
140	118
140	181
140	239
140	241
140	244
141	97
141	151
141	153
141	221
141	223
141	238
141	241
142	127
142	165
142	176
142	216
142	223
142	236
142	241
142	242
143	41
143	56
143	199
143	206
143	227
143	238
143	246
143	248
144	100
144	145
144	177
144	179
144	201
144	213
144	233
144	238
145	64
145	144
145	192
145	204
145	212
145	225
145	231
145	245
146	60
146	67
146	73
146	148
146	156
146	159
146	215
146	233
147	42
147	69
147	73
147	88
147	130
147	232
147	233
147	241
148	32
148	146
148	151
148	188
148	219
148	224
148	228
148	232
149	172
149	191
149	193
149	206
149	209
149	219
149	224
149	228
150	114
150	136
150	196
150	203
150	215
150	220
150	234
150	248
151	18
151	64
151	141
151	148
151	196
151	213
151	228
151	235
152	53
152	71
152	128
152	189
152	215
152	223
152	232
152	240
153	21
153	53
153	105
153	108
153	136
153	141
153	172
153	190
154	100
154	136
154	195
154	219
154	229
154	243
154	244
154	248
154	249
155	85
155	161
155	174
155	193
155	210
155	214
155	225
155	239
155	249
156	23
156	146
156	157
156	188
156	199
156	215
156	235
156	238
156	239
157	110
157	120
157	121
157	138
157	156
157	215
157	223
157	226
157	236
158	1
158	30
158	166
158	171
158	183
158	201
158	204
158	229
158	244
159	146
159	189
159	217
159	234
159	238
159	242
159	245
159	248
159	250
160	19
160	35
160	58
160	174
160	183
160	197
160	225
160	245
160	250
161	14
161	15
161	80
161	94
161	114
161	155
161	190
161	194
161	230
162	33
162	42
162	200
162	221
162	226
162	238
162	240
162	246
162	247
163	91
163	131
163	209
163	234
163	239
163	241
163	243
163	244
163	250
164	80
164	89
164	196
164	216
164	218
164	226
164	231
164	246
164	247
165	138
165	142
165	169
165	189
165	194
165	221
165	233
165	236
165	249
166	39
166	60
166	65
166	89
166	158
166	198
166	207
166	208
166	232
166	244
167	50
167	70
167	79
167	185
167	192
167	203
167	207
167	215
167	233
167	239
168	26
168	83
168	185
168	197
168	200
168	208
168	213
168	232
168	236
168	238
169	10
169	45
169	124
169	165
169	172
169	196
169	207
169	221
169	236
169	250
170	71
170	92
170	103
170	105
170	110
170	179
170	201
170	217
170	241
170	244
171	158
171	184
171	218
171	229
171	231
171	236
171	243
171	244
171	248
171	249
172	39
172	80
172	101
172	149
172	153
172	169
172	190
172	204
172	213
172	228
173	72
173	111
173	217
173	223
173	229
173	232
173	241
173	243
173	247
173	248
174	33
174	49
174	68
174	114
174	155
174	160
174	203
174	233
174	239
174	243
175	74
175	108
175	137
175	185
175	193
175	200
175	206
175	228
175	230
175	242
176	17
176	29
176	66
176	98
176	142
176	217
176	230
176	232
176	238
176	245
177	49
177	62
177	64
177	128
177	130
177	144
177	182
177	192
177	218
177	247
177	250
178	74
178	90
178	122
178	125
178	193
178	211
178	235
178	240
178	241
178	242
178	246
179	51
179	64
179	136
179	144
179	170
179	197
179	208
179	209
179	233
179	235
179	244
180	114
180	139
180	201
180	204
180	210
180	223
180	227
180	235
180	237
180	238
180	248
181	31
181	38
181	42
181	44
181	60
181	72
181	99
181	115
181	140
181	211
181	245
182	106
182	113
182	115
182	177
182	195
182	198
182	218
182	226
182	231
182	240
182	247
183	158
183	160
183	204
183	213
183	214
183	226
183	227
183	232
183	240
183	246
183	247
184	41
184	76
184	171
184	194
184	197
184	225
184	227
184	231
184	239
184	245
184	246
185	66
185	101
185	114
185	130
185	167
185	168
185	175
185	189
185	212
185	218
185	222
186	32
186	55
186	67
186	223
186	225
186	234
186	236
186	243
186	244
186	248
186	249
186	250
187	16
187	191
187	199
187	203
187	208
187	222
187	226
187	229
187	231
187	240
187	246
187	247
188	86
188	139
188	148
188	156
188	209
188	222
188	229
188	243
188	244
188	245
188	248
188	249
189	2
189	69
189	96
189	152
189	159
189	165
189	185
189	209
189	234
189	240
189	242
189	250
190	39
190	80
190	105
190	122
190	133
190	153
190	161
190	172
190	217
190	226
190	229
190	245
191	5
191	22
191	123
191	149
191	187
191	196
191	198
191	199
191	220
191	226
191	246
191	247
192	5
192	6
192	66
192	120
192	145
192	167
192	177
192	205
192	224
192	225
192	239
192	245
193	10
193	20
193	54
193	102
193	149
193	155
193	175
193	178
193	212
193	214
193	227
193	236
193	240
194	45
194	92
194	99
194	104
194	111
194	161
194	165
194	184
194	217
194	222
194	230
194	240
194	250
195	29
195	57
195	119
195	120
195	122
195	123
195	125
195	154
195	182
195	199
195	225
195	239
195	241
196	98
196	100
196	119
196	150
196	151
196	164
196	169
196	191
196	198
196	207
196	233
196	235
196	241
197	29
197	63
197	160
197	168
197	179
197	184
197	215
197	231
197	236
197	245
197	246
197	247
197	248
198	166
198	182
198	191
198	196
198	203
198	213
198	221
198	229
198	236
198	240
198	246
198	247
198	248
199	82
199	143
199	156
199	187
199	191
199	195
199	200
199	202
199	210
199	215
199	227
199	238
199	250
200	12
200	37
200	54
200	87
200	90
200	137
200	162
200	168
200	175
200	199
200	206
200	217
200	228
201	28
201	44
201	75
201	92
201	110
201	136
201	144
201	158
201	170
201	180
201	234
201	240
201	249
202	23
202	89
202	91
202	97
202	113
202	124
202	199
202	210
202	227
202	230
202	238
202	243
202	244
203	26
203	62
203	76
203	78
203	150
203	167
203	174
203	187
203	198
203	233
203	236
203	242
203	243
204	30
204	95
204	129
204	145
204	158
204	172
204	180
204	183
204	208
204	219
204	229
204	232
204	237
204	241
205	2
205	3
205	61
205	63
205	105
205	126
205	192
205	215
205	233
205	236
205	237
205	239
205	245
205	246
206	15
206	93
206	102
206	122
206	128
206	143
206	149
206	175
206	200
206	207
206	232
206	240
206	242
206	248
207	12
207	34
207	84
207	85
207	128
207	166
207	167
207	169
207	196
207	206
207	208
207	216
207	240
207	248
207	249
208	18
208	71
208	100
208	119
208	166
208	168
208	179
208	187
208	204
208	207
208	211
208	213
208	214
208	242
208	246
209	9
209	13
209	17
209	24
209	149
209	163
209	179
209	188
209	189
209	212
209	234
209	241
209	242
209	248
209	250
210	36
210	38
210	43
210	77
210	117
210	122
210	138
210	155
210	180
210	199
210	202
210	211
210	225
210	227
210	238
211	8
211	9
211	15
211	25
211	49
211	62
211	72
211	87
211	99
211	118
211	178
211	181
211	208
211	210
211	220
211	245
212	91
212	101
212	116
212	121
212	145
212	185
212	193
212	209
212	216
212	222
212	224
212	243
212	244
212	248
212	249
213	55
213	70
213	107
213	144
213	151
213	168
213	172
213	183
213	198
213	208
213	218
213	223
213	230
213	236
213	237
213	250
214	10
214	66
214	69
214	112
214	113
214	120
214	155
214	183
214	193
214	208
214	221
214	224
214	226
214	235
214	237
214	239
214	246
215	41
215	82
215	100
215	117
215	118
215	121
215	146
215	150
215	152
215	156
215	157
215	167
215	197
215	199
215	205
215	235
215	247
215	248
216	32
216	48
216	61
216	86
216	129
216	142
216	164
216	207
216	212
216	219
216	225
216	229
216	232
216	234
216	237
216	241
216	246
216	249
217	11
217	36
217	41
217	52
217	137
217	159
217	170
217	173
217	176
217	190
217	194
217	200
217	230
217	232
217	235
217	237
217	241
217	248
217	250
218	11
218	19
218	30
218	69
218	75
218	113
218	130
218	132
218	164
218	171
218	177
218	182
218	185
218	213
218	231
218	237
218	243
218	245
218	247
219	54
219	75
219	101
219	109
219	125
219	137
219	139
219	148
219	149
219	154
219	204
219	216
219	220
219	221
219	224
219	226
219	228
219	235
219	249
220	98
220	108
220	150
220	191
220	211
220	219
220	224
220	226
220	228
220	232
220	235
220	243
220	244
220	245
220	247
221	20
221	51
221	76
221	112
221	132
221	141
221	162
221	165
221	169
221	198
221	214
221	219
221	222
221	224
221	231
221	232
221	239
221	242
221	244
221	247
222	30
222	37
222	93
222	185
222	187
222	188
222	194
222	212
222	221
222	223
222	224
222	230
222	240
222	243
222	244
222	247
222	248
222	249
223	38
223	47
223	61
223	65
223	81
223	126
223	134
223	141
223	142
223	152
223	157
223	173
223	180
223	186
223	213
223	222
223	227
223	229
223	236
223	239
223	246
224	4
224	19
224	83
224	101
224	109
224	118
224	137
224	148
224	149
224	192
224	212
224	214
224	219
224	220
224	221
224	222
224	228
224	231
224	236
224	237
224	242
224	243
225	7
225	93
225	125
225	127
225	136
225	138
225	145
225	155
225	160
225	184
225	186
225	192
225	195
225	210
225	216
225	232
225	234
225	236
225	239
225	242
225	245
225	247
225	248
226	1
226	50
226	69
226	139
226	157
226	162
226	164
226	182
226	183
226	187
226	190
226	191
226	214
226	219
226	220
226	230
226	232
226	237
226	240
226	242
226	246
226	247
226	248
227	14
227	35
227	43
227	70
227	104
227	110
227	139
227	143
227	180
227	183
227	184
227	193
227	199
227	202
227	210
227	223
227	229
227	232
227	235
227	236
227	238
227	243
227	247
228	20
228	79
228	81
228	83
228	88
228	103
228	109
228	113
228	130
228	137
228	148
228	149
228	151
228	172
228	175
228	200
228	219
228	220
228	224
228	239
228	242
228	249
228	250
229	7
229	37
229	49
229	124
229	130
229	154
229	158
229	171
229	173
229	187
229	188
229	190
229	198
229	204
229	216
229	223
229	227
229	232
229	237
229	238
229	241
229	247
229	248
230	9
230	16
230	17
230	45
230	81
230	86
230	104
230	111
230	114
230	132
230	134
230	135
230	161
230	175
230	176
230	194
230	202
230	213
230	217
230	222
230	226
230	240
230	244
230	245
231	1
231	3
231	25
231	38
231	51
231	67
231	89
231	96
231	97
231	133
231	145
231	164
231	171
231	182
231	184
231	187
231	197
231	218
231	221
231	224
231	236
231	246
231	247
231	249
232	48
232	98
232	102
232	124
232	147
232	148
232	152
232	166
232	168
232	173
232	176
232	183
232	204
232	206
232	216
232	217
232	220
232	221
232	225
232	226
232	227
232	229
232	234
232	237
232	241
233	14
233	17
233	40
233	45
233	66
233	88
233	92
233	104
233	111
233	113
233	117
233	121
233	134
233	144
233	146
233	147
233	165
233	167
233	174
233	179
233	196
233	203
233	205
233	235
233	249
234	6
234	15
234	36
234	55
234	102
234	108
234	112
234	115
234	123
234	129
234	138
234	150
234	159
234	163
234	186
234	189
234	201
234	209
234	216
234	225
234	232
234	237
234	240
234	242
234	250
235	7
235	24
235	73
235	76
235	88
235	121
235	136
235	151
235	156
235	178
235	179
235	180
235	196
235	214
235	215
235	217
235	219
235	220
235	227
235	233
235	237
235	242
235	244
235	245
235	248
235	249
236	40
236	60
236	120
236	126
236	142
236	157
236	165
236	168
236	169
236	171
236	186
236	193
236	197
236	198
236	203
236	205
236	213
236	223
236	224
236	225
236	227
236	231
236	237
236	244
236	248
236	249
237	7
237	44
237	59
237	68
237	126
237	131
237	134
237	180
237	204
237	205
237	213
237	214
237	216
237	217
237	218
237	224
237	226
237	229
237	232
237	234
237	235
237	236
237	238
237	241
237	246
237	249
238	27
238	29
238	58
238	91
238	116
238	121
238	123
238	124
238	131
238	139
238	141
238	143
238	144
238	156
238	159
238	162
238	168
238	176
238	180
238	199
238	202
238	210
238	227
238	229
238	237
238	250
239	33
239	46
239	58
239	60
239	94
239	95
239	96
239	117
239	140
239	155
239	156
239	163
239	167
239	174
239	184
239	192
239	195
239	205
239	214
239	221
239	223
239	225
239	228
239	244
239	245
239	247
239	248
239	250
240	27
240	85
240	93
240	109
240	115
240	116
240	127
240	135
240	152
240	162
240	178
240	182
240	183
240	187
240	189
240	193
240	194
240	198
240	201
240	206
240	207
240	222
240	226
240	230
240	234
240	242
240	246
240	247
240	250
241	13
241	26
241	46
241	52
241	68
241	72
241	110
241	129
241	131
241	140
241	141
241	142
241	147
241	163
241	170
241	173
241	178
241	195
241	196
241	204
241	209
241	216
241	217
241	229
241	232
241	237
241	244
241	245
241	247
241	250
242	6
242	34
242	35
242	56
242	58
242	62
242	79
242	112
242	124
242	127
242	142
242	159
242	175
242	178
242	189
242	203
242	206
242	208
242	209
242	221
242	224
242	225
242	226
242	228
242	234
242	235
242	240
242	246
242	249
242	250
243	22
243	28
243	48
243	61
243	63
243	96
243	97
243	101
243	102
243	128
243	133
243	134
243	154
243	163
243	171
243	173
243	174
243	186
243	188
243	202
243	203
243	212
243	218
243	220
243	222
243	224
243	227
243	244
243	246
243	248
243	249
244	2
244	24
244	65
244	71
244	82
244	90
244	94
244	103
244	108
244	120
244	132
244	134
244	140
244	154
244	158
244	163
244	166
244	170
244	171
244	179
244	186
244	188
244	202
244	212
244	220
244	221
244	222
244	230
244	235
244	236
244	239
244	241
244	243
244	245
244	247
244	248
244	249
245	3
245	4
245	8
245	11
245	46
245	52
245	57
245	87
245	94
245	95
245	103
245	106
245	123
245	125
245	127
245	145
245	159
245	160
245	176
245	181
245	184
245	188
245	190
245	192
245	197
245	205
245	211
245	218
245	220
245	225
245	230
245	235
245	239
245	241
245	244
245	246
245	249
246	23
246	27
246	47
246	51
246	59
246	64
246	73
246	84
246	85
246	88
246	91
246	107
246	129
246	143
246	162
246	164
246	178
246	183
246	184
246	187
246	191
246	197
246	198
246	205
246	208
246	214
246	216
246	223
246	226
246	231
246	237
246	240
246	242
246	243
246	245
246	247
246	248
247	21
247	56
247	59
247	73
247	76
247	86
247	89
247	94
247	107
247	126
247	132
247	135
247	162
247	164
247	173
247	177
247	182
247	183
247	187
247	191
247	197
247	198
247	215
247	218
247	220
247	221
247	222
247	225
247	226
247	227
247	229
247	231
247	239
247	240
247	241
247	244
247	246
247	249
248	22
248	35
248	67
248	71
248	77
248	80
248	96
248	97
248	103
248	106
248	119
248	143
248	150
248	154
248	159
248	171
248	173
248	180
248	186
248	188
248	197
248	198
248	206
248	207
248	209
248	212
248	215
248	217
248	222
248	225
248	226
248	229
248	235
248	236
248	239
248	243
248	244
248	246
248	249
249	59
249	61
249	65
249	68
249	74
249	77
249	81
249	82
249	90
249	106
249	107
249	108
249	110
249	134
249	135
249	139
249	154
249	155
249	165
249	171
249	186
249	188
249	201
249	207
249	212
249	216
249	219
249	222
249	228
249	231
249	233
249	235
249	236
249	237
249	242
249	243
249	244
249	245
249	247
249	248
250	9
250	13
250	25
250	33
250	34
250	36
250	50
250	53
250	55
250	56
250	62
250	79
250	87
250	95
250	105
250	109
250	115
250	124
250	125
250	129
250	131
250	135
250	137
250	159
250	160
250	163
250	169
250	177
250	186
250	189
250	194
250	199
250	209
250	213
250	217
250	228
250	234
250	238
250	239
250	240
250	241
250	242
