1	83
1	100
1	235
1	247
2	106
2	218
2	225
2	231
3	189
3	195
3	212
3	233
4	126
4	146
4	238
4	241
5	98
5	190
5	206
5	221
6	207
6	239
6	241
6	250
7	82
7	239
7	247
7	249
8	77
8	223
8	246
8	248
9	113
9	145
9	200
9	243
10	160
10	191
10	216
10	248
11	111
11	198
11	201
11	224
12	195
12	220
12	246
12	249
13	118
13	188
13	244
13	246
14	22
14	202
14	208
14	240
15	140
15	152
15	200
15	245
16	47
16	131
16	134
16	243
17	108
17	190
17	196
17	240
18	105
18	189
18	234
18	248
19	25
19	86
19	168
19	175
20	82
20	154
20	179
20	194
21	222
21	225
21	232
21	242
22	14
22	46
22	187
22	236
23	31
23	206
23	235
23	243
24	158
24	207
24	247
24	249
25	19
25	45
25	153
25	229
26	224
26	230
26	234
26	249
27	125
27	151
27	215
27	248
28	204
28	212
28	235
28	250
29	193
29	211
29	226
29	228
30	96
30	191
30	196
30	244
31	23
31	58
31	91
31	214
32	67
32	110
32	204
32	233
33	105
33	116
33	182
33	250
34	162
34	171
34	222
34	244
35	68
35	185
35	195
35	226
36	56
36	64
36	168
36	248
37	225
37	234
37	237
37	240
38	41
38	55
38	229
38	239
39	241
39	242
39	245
39	247
40	93
40	199
40	220
40	229
41	38
41	239
41	246
41	247
42	216
42	225
42	232
42	248
43	154
43	218
43	219
43	241
44	46
44	69
44	208
44	239
45	25
45	186
45	231
45	249
46	22
46	44
46	230
46	238
47	16
47	181
47	185
47	204
48	144
48	193
48	244
48	248
49	123
49	182
49	215
49	219
50	176
50	241
50	244
50	250
51	63
51	192
51	198
51	239
52	65
52	142
52	218
52	243
53	198
53	205
53	232
53	243
54	232
54	234
54	246
54	250
55	38
55	81
55	243
55	250
56	36
56	101
56	165
56	248
57	147
57	209
57	248
57	250
58	31
58	191
58	221
58	246
59	161
59	186
59	233
59	247
60	76
60	195
60	226
60	229
61	180
61	209
61	221
61	232
62	63
62	231
62	242
62	249
63	51
63	62
63	71
63	155
63	174
64	36
64	122
64	152
64	159
64	239
65	52
65	125
65	177
65	247
65	248
66	151
66	163
66	183
66	235
66	249
67	32
67	84
67	160
67	201
67	220
68	35
68	112
68	201
68	224
68	235
69	44
69	126
69	197
69	213
69	240
70	98
70	235
70	237
70	243
70	250
71	63
71	192
71	196
71	238
71	249
72	92
72	95
72	137
72	155
72	249
73	166
73	194
73	227
73	242
73	247
74	183
74	223
74	237
74	245
74	247
75	203
75	214
75	225
75	238
75	240
76	60
76	159
76	227
76	234
76	246
77	8
77	227
77	234
77	245
77	246
78	148
78	150
78	188
78	228
78	241
79	89
79	140
79	206
79	210
79	214
80	113
80	213
80	216
80	223
80	234
81	55
81	128
81	130
81	210
81	238
82	7
82	20
82	101
82	237
82	240
83	1
83	156
83	221
83	243
83	250
84	67
84	139
84	174
84	214
84	226
85	119
85	186
85	200
85	203
85	227
86	19
86	87
86	149
86	192
86	245
87	86
87	95
87	192
87	206
87	243
88	110
88	186
88	226
88	239
88	249
89	79
89	158
89	222
89	230
89	237
90	115
90	140
90	143
90	180
90	218
91	31
91	115
91	182
91	191
91	241
92	72
92	157
92	193
92	223
92	237
93	40
93	190
93	228
93	234
93	249
94	108
94	116
94	218
94	236
94	237
95	72
95	87
95	131
95	229
95	241
96	30
96	210
96	237
96	243
96	250
97	129
97	154
97	158
97	198
97	246
98	5
98	70
98	148
98	175
98	246
99	138
99	140
99	208
99	236
99	239
99	246
100	1
100	109
100	162
100	185
100	190
100	241
101	56
101	82
101	143
101	172
101	205
101	231
102	197
102	228
102	238
102	244
102	245
102	249
103	157
103	213
103	230
103	235
103	242
103	245
104	211
104	214
104	217
104	227
104	244
104	245
105	18
105	33
105	159
105	178
105	220
105	235
106	2
106	201
106	214
106	225
106	243
106	250
107	137
107	171
107	190
107	208
107	226
107	233
108	17
108	94
108	172
108	202
108	225
108	238
109	100
109	153
109	167
109	191
109	209
109	250
110	32
110	88
110	152
110	205
110	210
110	250
111	11
111	182
111	237
111	242
111	247
111	250
112	68
112	121
112	223
112	227
112	238
112	241
113	9
113	80
113	132
113	210
113	224
113	231
114	177
114	179
114	194
114	201
114	202
114	231
115	90
115	91
115	145
115	166
115	217
115	238
116	33
116	94
116	134
116	164
116	214
116	235
117	138
117	174
117	216
117	221
117	242
117	246
118	13
118	153
118	211
118	223
118	246
118	248
119	85
119	198
119	223
119	224
119	237
119	248
120	177
120	193
120	195
120	225
120	227
120	245
121	112
121	127
121	191
121	211
121	240
121	250
122	64
122	138
122	147
122	190
122	223
122	229
123	49
123	178
123	185
123	191
123	196
123	215
124	181
124	184
124	202
124	222
124	231
124	243
125	27
125	65
125	170
125	209
125	247
125	248
126	4
126	69
126	192
126	199
126	214
126	250
127	121
127	131
127	138
127	180
127	206
127	248
128	81
128	171
128	178
128	224
128	227
128	245
128	246
129	97
129	163
129	173
129	224
129	238
129	247
129	248
130	81
130	184
130	198
130	236
130	244
130	245
130	248
131	16
131	95
131	127
131	164
131	192
131	223
131	250
132	113
132	171
132	173
132	197
132	201
132	202
132	249
133	182
133	190
133	193
133	205
133	228
133	245
133	247
134	16
134	116
134	138
134	142
134	232
134	238
134	248
135	154
135	179
135	229
135	234
135	243
135	249
135	250
136	167
136	170
136	175
136	188
136	229
136	234
136	237
137	72
137	107
137	193
137	225
137	245
137	246
137	248
138	99
138	117
138	122
138	127
138	134
138	197
138	209
139	84
139	212
139	217
139	230
139	235
139	244
139	247
140	15
140	79
140	90
140	99
140	218
140	219
140	237
141	168
141	192
141	235
141	238
141	239
141	241
141	244
142	52
142	134
142	149
142	204
142	218
142	219
142	225
143	90
143	101
143	175
143	186
143	223
143	227
143	231
144	48
144	149
144	169
144	203
144	215
144	229
144	247
145	9
145	115
145	193
145	216
145	233
145	241
145	247
146	4
146	198
146	203
146	226
146	229
146	243
146	249
147	57
147	122
147	163
147	175
147	212
147	236
147	246
148	78
148	98
148	157
148	207
148	213
148	232
148	233
149	86
149	142
149	144
149	162
149	173
149	221
149	248
150	78
150	188
150	196
150	215
150	236
150	237
150	249
151	27
151	66
151	216
151	227
151	230
151	231
151	237
151	245
152	15
152	64
152	110
152	187
152	202
152	219
152	238
152	240
153	25
153	109
153	118
153	158
153	181
153	216
153	232
153	250
154	20
154	43
154	97
154	135
154	224
154	234
154	243
154	246
155	63
155	72
155	191
155	196
155	218
155	241
155	242
155	244
156	83
156	159
156	180
156	205
156	236
156	238
156	241
156	245
157	92
157	103
157	148
157	179
157	188
157	240
157	242
157	244
158	24
158	89
158	97
158	153
158	199
158	229
158	243
158	248
159	64
159	76
159	105
159	156
159	187
159	236
159	248
159	249
160	10
160	67
160	173
160	199
160	208
160	224
160	240
160	247
161	59
161	234
161	236
161	238
161	242
161	243
161	245
161	248
162	34
162	100
162	149
162	163
162	200
162	235
162	236
162	246
163	66
163	129
163	147
163	162
163	165
163	208
163	213
163	232
164	116
164	131
164	185
164	202
164	216
164	231
164	235
164	246
165	56
165	163
165	169
165	187
165	206
165	236
165	243
165	246
166	73
166	115
166	219
166	231
166	233
166	239
166	243
166	245
167	109
167	136
167	182
167	197
167	211
167	215
167	232
167	242
168	19
168	36
168	141
168	183
168	206
168	230
168	243
168	250
169	144
169	165
169	186
169	188
169	202
169	207
169	211
169	249
170	125
170	136
170	183
170	185
170	204
170	207
170	219
170	238
171	34
171	107
171	128
171	132
171	204
171	207
171	241
171	244
171	248
172	101
172	108
172	190
172	197
172	204
172	206
172	220
172	228
172	230
173	129
173	132
173	149
173	160
173	189
173	233
173	240
173	242
173	249
174	63
174	84
174	117
174	204
174	220
174	223
174	236
174	240
174	242
175	19
175	98
175	136
175	143
175	147
175	179
175	213
175	224
175	232
176	50
176	191
176	192
176	223
176	230
176	237
176	241
176	247
176	248
177	65
177	114
177	120
177	179
177	222
177	228
177	235
177	247
177	250
178	105
178	123
178	128
178	209
178	217
178	218
178	237
178	239
178	241
179	20
179	114
179	135
179	157
179	175
179	177
179	194
179	196
179	213
179	230
180	61
180	90
180	127
180	156
180	194
180	198
180	222
180	239
180	246
180	249
181	47
181	124
181	153
181	198
181	199
181	212
181	225
181	233
181	243
181	250
182	33
182	49
182	91
182	111
182	133
182	167
182	196
182	203
182	218
182	219
183	66
183	74
183	168
183	170
183	214
183	223
183	225
183	230
183	237
183	250
184	124
184	130
184	201
184	205
184	216
184	225
184	233
184	245
184	249
184	250
185	35
185	47
185	100
185	123
185	164
185	170
185	212
185	227
185	239
185	245
185	246
186	45
186	59
186	85
186	88
186	143
186	169
186	230
186	231
186	236
186	240
186	247
187	22
187	152
187	159
187	165
187	203
187	204
187	206
187	226
187	232
187	240
187	245
187	246
188	13
188	78
188	136
188	150
188	157
188	169
188	221
188	224
188	232
188	237
188	243
188	249
189	3
189	18
189	173
189	208
189	230
189	232
189	233
189	243
189	246
189	247
189	250
190	5
190	17
190	93
190	100
190	107
190	122
190	133
190	172
190	207
190	217
190	227
190	244
191	10
191	30
191	58
191	91
191	109
191	121
191	123
191	155
191	176
191	234
191	239
191	249
192	51
192	71
192	86
192	87
192	126
192	131
192	141
192	176
192	197
192	198
192	213
192	217
193	29
193	48
193	92
193	120
193	133
193	137
193	145
193	194
193	220
193	233
193	235
193	245
193	248
194	20
194	73
194	114
194	179
194	180
194	193
194	195
194	214
194	226
194	238
194	245
194	246
194	248
195	3
195	12
195	35
195	60
195	120
195	194
195	204
195	210
195	212
195	231
195	239
195	244
195	246
196	17
196	30
196	71
196	123
196	150
196	155
196	179
196	182
196	205
196	206
196	213
196	236
196	244
197	69
197	102
197	132
197	138
197	167
197	172
197	192
197	209
197	211
197	231
197	232
197	235
197	244
198	11
198	51
198	53
198	97
198	119
198	130
198	146
198	180
198	181
198	192
198	210
198	229
198	250
199	40
199	126
199	158
199	160
199	181
199	202
199	212
199	225
199	233
199	236
199	241
199	245
199	250
200	9
200	15
200	85
200	162
200	201
200	209
200	222
200	225
200	226
200	230
200	237
200	243
200	247
201	11
201	67
201	68
201	106
201	114
201	132
201	184
201	200
201	208
201	226
201	227
201	229
201	230
202	14
202	108
202	114
202	124
202	132
202	152
202	164
202	169
202	199
202	211
202	225
202	231
202	237
202	247
203	75
203	85
203	144
203	146
203	182
203	187
203	207
203	222
203	227
203	232
203	236
203	242
203	244
203	249
204	28
204	32
204	47
204	142
204	170
204	171
204	172
204	174
204	187
204	195
204	210
204	220
204	228
204	234
205	53
205	101
205	110
205	133
205	156
205	184
205	196
205	216
205	226
205	228
205	229
205	238
205	242
205	247
206	5
206	23
206	79
206	87
206	127
206	165
206	168
206	172
206	187
206	196
206	227
206	233
206	245
206	250
207	6
207	24
207	148
207	169
207	170
207	171
207	190
207	203
207	208
207	223
207	228
207	234
207	241
207	246
207	250
208	14
208	44
208	99
208	107
208	160
208	163
208	189
208	201
208	207
208	211
208	216
208	232
208	242
208	247
208	249
209	57
209	61
209	109
209	125
209	138
209	178
209	197
209	200
209	211
209	221
209	234
209	235
209	240
209	241
209	248
210	79
210	81
210	96
210	110
210	113
210	195
210	198
210	204
210	220
210	228
210	229
210	230
210	232
210	244
210	247
211	29
211	104
211	118
211	121
211	167
211	169
211	197
211	202
211	208
211	209
211	217
211	225
211	241
211	245
211	249
212	3
212	28
212	139
212	147
212	181
212	185
212	195
212	199
212	217
212	227
212	229
212	235
212	240
212	248
212	249
213	69
213	80
213	103
213	148
213	163
213	175
213	179
213	192
213	196
213	222
213	235
213	239
213	245
213	247
213	249
214	31
214	75
214	79
214	84
214	104
214	106
214	116
214	126
214	183
214	194
214	234
214	237
214	239
214	240
214	247
215	27
215	49
215	123
215	144
215	150
215	167
215	221
215	223
215	226
215	232
215	235
215	236
215	242
215	244
215	247
216	10
216	42
216	80
216	117
216	145
216	151
216	153
216	164
216	184
216	205
216	208
216	217
216	219
216	241
216	242
216	244
216	247
217	104
217	115
217	139
217	178
217	190
217	192
217	211
217	212
217	216
217	221
217	223
217	228
217	230
217	233
217	244
217	246
217	247
218	2
218	43
218	52
218	90
218	94
218	140
218	142
218	155
218	178
218	182
218	228
218	235
218	236
218	243
218	244
218	246
218	249
219	43
219	49
219	140
219	142
219	152
219	166
219	170
219	182
219	216
219	220
219	223
219	228
219	234
219	238
219	240
219	241
219	248
220	12
220	40
220	67
220	105
220	172
220	174
220	193
220	204
220	210
220	219
220	222
220	228
220	230
220	235
220	237
220	243
220	247
220	250
221	5
221	58
221	61
221	83
221	117
221	149
221	188
221	209
221	215
221	217
221	226
221	227
221	231
221	238
221	246
221	248
221	249
221	250
222	21
222	34
222	89
222	124
222	177
222	180
222	200
222	203
222	213
222	220
222	224
222	226
222	229
222	240
222	242
222	244
222	249
222	250
223	8
223	74
223	80
223	92
223	112
223	118
223	119
223	122
223	131
223	143
223	174
223	176
223	183
223	207
223	215
223	217
223	219
223	226
223	230
223	244
224	11
224	26
224	68
224	113
224	119
224	128
224	129
224	154
224	160
224	175
224	188
224	222
224	230
224	235
224	237
224	242
224	245
224	246
224	249
224	250
225	2
225	21
225	37
225	42
225	75
225	106
225	108
225	120
225	137
225	142
225	181
225	183
225	184
225	199
225	200
225	202
225	211
225	234
225	238
225	239
225	249
226	29
226	35
226	60
226	84
226	88
226	107
226	146
226	187
226	194
226	200
226	201
226	205
226	215
226	221
226	222
226	223
226	228
226	231
226	233
226	234
226	242
227	73
227	76
227	77
227	85
227	104
227	112
227	120
227	128
227	143
227	151
227	185
227	190
227	201
227	203
227	206
227	212
227	221
227	232
227	236
227	239
227	245
228	29
228	78
228	93
228	102
228	133
228	172
228	177
228	204
228	205
228	207
228	210
228	217
228	218
228	219
228	220
228	226
228	229
228	233
228	240
228	241
228	242
228	249
229	25
229	38
229	40
229	60
229	95
229	122
229	135
229	136
229	144
229	146
229	158
229	198
229	201
229	205
229	210
229	212
229	222
229	228
229	236
229	239
229	241
229	246
229	248
230	26
230	46
230	89
230	103
230	139
230	151
230	168
230	172
230	176
230	179
230	183
230	186
230	189
230	200
230	201
230	210
230	217
230	220
230	223
230	224
230	237
230	242
230	244
230	248
231	2
231	45
231	62
231	101
231	113
231	114
231	124
231	143
231	151
231	164
231	166
231	186
231	195
231	197
231	202
231	221
231	226
231	233
231	237
231	238
231	239
231	240
231	244
231	248
232	21
232	42
232	53
232	54
232	61
232	134
232	148
232	153
232	163
232	167
232	175
232	187
232	188
232	189
232	197
232	203
232	208
232	210
232	215
232	227
232	236
232	241
232	243
232	244
232	245
232	250
233	3
233	32
233	59
233	107
233	145
233	148
233	166
233	173
233	181
233	184
233	189
233	193
233	199
233	206
233	217
233	226
233	228
233	231
233	238
233	240
233	242
233	243
233	250
234	18
234	26
234	37
234	54
234	76
234	77
234	80
234	93
234	135
234	136
234	154
234	161
234	191
234	204
234	207
234	209
234	214
234	219
234	225
234	226
234	236
234	238
234	239
234	241
234	243
234	245
234	246
235	1
235	23
235	28
235	66
235	68
235	70
235	103
235	105
235	116
235	139
235	141
235	162
235	164
235	177
235	193
235	197
235	209
235	212
235	213
235	215
235	218
235	220
235	224
235	237
235	240
235	244
235	248
235	250
236	22
236	94
236	99
236	130
236	147
236	150
236	156
236	159
236	161
236	162
236	165
236	174
236	186
236	196
236	199
236	203
236	215
236	218
236	227
236	229
236	232
236	234
236	237
236	239
236	240
236	241
236	244
236	248
236	249
237	37
237	70
237	74
237	82
237	89
237	92
237	94
237	96
237	111
237	119
237	136
237	140
237	150
237	151
237	176
237	178
237	183
237	188
237	200
237	202
237	214
237	220
237	224
237	230
237	231
237	235
237	236
237	245
237	249
237	250
238	4
238	46
238	71
238	75
238	81
238	102
238	108
238	112
238	115
238	129
238	134
238	141
238	152
238	156
238	161
238	170
238	194
238	205
238	219
238	221
238	225
238	231
238	233
238	234
238	239
238	244
238	246
238	248
238	249
238	250
239	6
239	7
239	38
239	41
239	44
239	51
239	64
239	88
239	99
239	141
239	166
239	178
239	180
239	185
239	191
239	195
239	213
239	214
239	225
239	227
239	229
239	231
239	234
239	236
239	238
239	242
239	245
239	246
239	247
239	250
240	14
240	17
240	37
240	69
240	75
240	82
240	121
240	152
240	157
240	160
240	173
240	174
240	186
240	187
240	209
240	212
240	214
240	219
240	222
240	228
240	231
240	233
240	235
240	236
240	242
240	243
240	247
240	248
240	249
240	250
241	4
241	6
241	39
241	43
241	50
241	78
241	91
241	95
241	100
241	112
241	141
241	145
241	155
241	156
241	171
241	176
241	178
241	199
241	207
241	209
241	211
241	216
241	219
241	228
241	229
241	232
241	234
241	236
241	242
241	244
241	249
241	250
242	21
242	39
242	62
242	73
242	103
242	111
242	117
242	155
242	157
242	161
242	167
242	173
242	174
242	203
242	205
242	208
242	215
242	216
242	222
242	224
242	226
242	228
242	230
242	233
242	239
242	240
242	241
242	243
242	245
242	246
242	247
242	249
242	250
243	9
243	16
243	23
243	52
243	53
243	55
243	70
243	83
243	87
243	96
243	106
243	124
243	135
243	146
243	154
243	158
243	161
243	165
243	166
243	168
243	181
243	188
243	189
243	200
243	218
243	220
243	232
243	233
243	234
243	240
243	242
243	249
243	250
244	13
244	30
244	34
244	48
244	50
244	102
244	104
244	130
244	139
244	141
244	155
244	157
244	171
244	190
244	195
244	196
244	197
244	203
244	210
244	215
244	216
244	217
244	218
244	222
244	223
244	230
244	231
244	232
244	235
244	236
244	238
244	241
244	245
244	247
245	15
245	39
245	74
245	77
245	86
245	102
245	103
245	104
245	120
245	128
245	130
245	133
245	137
245	151
245	156
245	161
245	166
245	184
245	185
245	187
245	193
245	194
245	199
245	206
245	211
245	213
245	224
245	227
245	232
245	234
245	237
245	239
245	242
245	244
246	8
246	12
246	13
246	41
246	54
246	58
246	76
246	77
246	97
246	98
246	99
246	117
246	118
246	128
246	137
246	147
246	154
246	162
246	164
246	165
246	180
246	185
246	187
246	189
246	194
246	195
246	207
246	217
246	218
246	221
246	224
246	229
246	234
246	238
246	239
246	242
247	1
247	7
247	24
247	39
247	41
247	59
247	65
247	73
247	74
247	111
247	125
247	129
247	133
247	139
247	144
247	145
247	160
247	176
247	177
247	186
247	189
247	200
247	202
247	205
247	208
247	210
247	213
247	214
247	215
247	216
247	217
247	220
247	239
247	240
247	242
247	244
247	248
247	250
248	8
248	10
248	18
248	27
248	36
248	42
248	48
248	56
248	57
248	65
248	118
248	119
248	125
248	127
248	129
248	130
248	134
248	137
248	149
248	158
248	159
248	161
248	171
248	176
248	193
248	194
248	209
248	212
248	219
248	221
248	229
248	230
248	231
248	235
248	236
248	238
248	240
248	247
248	249
249	7
249	12
249	24
249	26
249	45
249	62
249	66
249	71
249	72
249	88
249	93
249	102
249	132
249	135
249	146
249	150
249	159
249	169
249	173
249	180
249	184
249	188
249	191
249	203
249	208
249	211
249	212
249	213
249	218
249	221
249	222
249	224
249	225
249	228
249	236
249	237
249	238
249	240
249	241
249	242
249	243
249	248
249	250
250	6
250	28
250	33
250	50
250	54
250	55
250	57
250	70
250	83
250	96
250	106
250	109
250	110
250	111
250	121
250	126
250	131
250	135
250	153
250	168
250	177
250	181
250	183
250	184
250	189
250	198
250	199
250	206
250	207
250	220
250	221
250	222
250	224
250	232
250	233
250	235
250	237
250	238
250	239
250	240
250	241
250	242
250	243
250	247
250	249
